Gene	sgRNA	Selected|beta	Selected|z	Selected|p-value	Selected|fdr	Selected|wald-p-value	Selected|wald-fdr
Rcor2_p2	12	0.079999	2.2691	0.024123	0.59474	0.023262	0.55599
Zfp740_p2	12	0.055443	1.5157	0.12171	0.72883	0.12959	0.82536
Zbtb2_p2	12	-0.032423	-0.96344	0.36491	0.90448	0.33533	0.88853
Foxn3_p2	12	-0.031189	-1.0638	0.38136	0.90448	0.28743	0.84273
Zzz3_p1	12	-0.039264	-1.4352	0.27632	0.90448	0.15124	0.82773
Grhl2_p1	12	0.021922	0.50294	0.52368	0.95792	0.61501	0.95021
Esx1_p1	12	-0.0026399	-0.057756	0.94298	0.99405	0.95394	0.99287
Cic_p3	12	-0.0036928	-0.10169	0.91623	0.99405	0.919	0.99287
Myc_p2	12	-0.051254	-1.1766	0.15219	0.77111	0.23937	0.83663
Zfp715_p1	12	0.054588	1.1738	0.12763	0.72883	0.2405	0.83663
Mitf_p2	12	-0.030186	-1.0896	0.39715	0.90448	0.27587	0.83865
Mid2_p3	12	0.13806	2.7677	0.0002193	0.066667	0.0056462	0.55599
Tcf7_p2	12	0.023387	0.92881	0.49452	0.95756	0.35299	0.89277
Eomes_p2	12	0.0187	0.62024	0.58509	0.9596	0.5351	0.95021
Zfp236_p1	12	-0.097643	-3.0515	0.0076754	0.51111	0.0022771	0.55599
Tfdp2_p1	12	0.020907	0.73242	0.54364	0.95869	0.46391	0.94229
Tcf25_p1	12	0.029868	0.85626	0.38728	0.90448	0.39186	0.90935
Zkscan17_p1	12	-0.02041	-0.5869	0.55833	0.95941	0.55727	0.95021
Tfdp1_p1	12	-0.053273	-1.1864	0.13487	0.73214	0.23546	0.83663
Mis18bp1_p1	12	-0.0046964	-0.19119	0.89649	0.99405	0.84837	0.98637
Csrnp1_p1	12	0.030548	0.77936	0.37632	0.90448	0.43577	0.92552
Atf1_p1	12	-0.020855	-0.81211	0.54825	0.95941	0.41673	0.91455
Zfp57_p2	12	0.013905	0.41013	0.67785	0.97327	0.68171	0.96502
Mbd1_p1	12	0.037367	1.0621	0.29035	0.90448	0.28818	0.84273
Hif1a_p2	12	-0.049208	-1.7627	0.16842	0.78769	0.077951	0.79235
Sp3_p1	12	-0.003894	-0.12648	0.9125	0.99405	0.89935	0.99128
Zfp414_p1	12	-0.051638	-1.5991	0.14912	0.77111	0.10981	0.79235
Tead2_p3	12	0.020301	0.52614	0.55482	0.95941	0.59879	0.95021
Zic3_p1	12	0.019889	0.52332	0.5625	0.95941	0.60075	0.95021
Mbd2_p1	12	0.008411	0.20558	0.80351	0.99011	0.83712	0.98637
Zfp867_p1	12	-0.019953	-0.57646	0.56798	0.95941	0.5643	0.95021
Irf3_p1	12	-0.012441	-0.40943	0.72719	0.98907	0.68223	0.96502
Mafg_p1	12	-0.017557	-0.65178	0.62018	0.9596	0.51454	0.95021
Xist_p1	12	0.011681	0.32959	0.72939	0.98907	0.74171	0.97454
Klf11_p1	12	-0.03503	-1.3258	0.32917	0.90448	0.1849	0.83494
Usf2_p1	12	0.031142	0.91383	0.36908	0.90448	0.36081	0.89277
Msl2_p1	12	-0.014863	-0.56957	0.67588	0.97327	0.56897	0.95021
Dmtf1_p1	12	0.061553	2.0696	0.088816	0.72883	0.038494	0.66686
Mkrn2_p1	12	0.0055921	0.24874	0.8682	0.99405	0.80356	0.98253
Thap4_p1	12	0.022356	0.51417	0.51382	0.95792	0.60713	0.95021
Csrnp1_p2	12	0.024421	0.75789	0.47697	0.94403	0.44852	0.93819
Kansl1_p4	12	0.054325	1.3047	0.13026	0.72883	0.19199	0.83494
Gli3_p2	12	-0.035114	-0.95262	0.32719	0.90448	0.34078	0.89053
Prdm5_p1	12	-0.051317	-1.6309	0.15175	0.77111	0.1029	0.79235
Bcor_p2	12	0.048013	1.7691	0.17939	0.79805	0.076878	0.79235
Zfp738_p2	11	0.12744	2.2921	0.00087719	0.2	0.021901	0.55599
Foxa2_p2	12	-0.021071	-0.60671	0.54452	0.95869	0.54404	0.95021
Zfp1_p1	12	0.0083743	0.40295	0.80439	0.99011	0.68699	0.96502
Foxn2_p1	12	0.0079568	0.27158	0.81184	0.99011	0.78594	0.98007
Zbtb12_p1	12	-0.05501	-1.3272	0.12478	0.72883	0.18443	0.83494
Stag2_p2	12	-0.009446	-0.35978	0.79386	0.99011	0.71901	0.96502
E2f6_p1	12	-0.008194	-0.20533	0.82061	0.99233	0.83731	0.98637
Zfp335_p1	12	-0.0011238	-0.038142	0.97697	0.99405	0.96957	0.99451
Foxm1_p1	12	-0.060471	-1.5144	0.091886	0.72883	0.12993	0.82536
Crxos_p4	12	0.0060803	0.12541	0.85811	0.99405	0.9002	0.99128
Ddit3_p1	12	-0.00059904	-0.018539	0.98925	0.99405	0.98521	0.99451
Crebzf_p3	12	0.013012	0.37503	0.69737	0.97546	0.70764	0.96502
Zfp148_p1	12	-0.0062456	-0.26177	0.86031	0.99405	0.7935	0.98253
Hmgb3_p2	12	0.028909	0.83298	0.40066	0.9067	0.40486	0.91167
Zfp397_p1	12	-0.0041305	-0.12668	0.90877	0.99405	0.89919	0.99128
Zfp180_p1	12	-0.017317	-0.51022	0.625	0.9596	0.6099	0.95021
Klf5_p1	12	-0.039497	-1.2967	0.27193	0.90448	0.19474	0.83494
Sox11_p1	12	-0.025152	-0.69154	0.47588	0.94403	0.48923	0.94756
Zfp143_p1	12	0.084534	2.5865	0.019079	0.59474	0.009696	0.55599
Tada2a_p1	12	0.077097	1.9452	0.030482	0.61224	0.051753	0.76958
Ahr_p1	12	-0.0065127	-0.24857	0.85395	0.99405	0.80369	0.98253
Zfp119b_p1	6	-0.014773	-0.39491	0.77851	0.99011	0.69291	0.96502
Erf_p1	12	-0.076949	-1.616	0.033772	0.616	0.1061	0.79235
Hnrnpk_p4	12	0.035884	0.73794	0.30746	0.90448	0.46055	0.94229
Tead1_p1	12	-0.022969	-0.76229	0.51425	0.95792	0.44589	0.93684
Hmgxb4_p1	12	-0.038339	-1.0984	0.28882	0.90448	0.27202	0.83663
Crebzf_p1	12	0.016786	0.59014	0.62171	0.9596	0.5551	0.95021
Arnt_p1	12	0.057266	1.3365	0.1114	0.72883	0.18138	0.83494
Zfp507_p1	12	-0.025421	-0.6352	0.47083	0.94167	0.5253	0.95021
Mitf_p1	12	-0.024153	-0.80914	0.49254	0.95756	0.41843	0.91455
Zfp512_p2	12	0.0095509	0.25363	0.7761	0.99011	0.79978	0.98253
Bcor_p3	12	0.046712	1.1393	0.19276	0.8186	0.25456	0.83663
Mid2_p2	12	0.0063698	0.16166	0.85088	0.99405	0.87157	0.98888
Sox12_p1	12	-0.066609	-2.0828	0.064474	0.72883	0.037267	0.66642
Zfp941_p1	12	0.052206	1.5108	0.14583	0.768	0.13084	0.82536
Zfp239_p1	12	0.08409	2.5986	0.019518	0.59474	0.0093594	0.55599
Usf1_p1	12	0.023345	1.1866	0.49496	0.95756	0.23538	0.83663
Creb1_p1	12	0.02118	0.66287	0.53925	0.95869	0.50741	0.95021
Pitx2_p1	12	0.015594	0.46618	0.64254	0.96743	0.64109	0.95288
E2f1_p1	12	-0.047296	-1.4963	0.18684	0.80472	0.13457	0.82536
Six1_p2	12	0.03454	1.2525	0.32478	0.90448	0.21039	0.83587
Zfp599_p1	12	0.070086	1.6172	0.050658	0.725	0.10584	0.79235
Glis2_p1	12	-0.03046	-0.80666	0.39298	0.90448	0.41986	0.91455
Mier1_p3	12	-0.062158	-1.2974	0.082237	0.72883	0.19448	0.83494
Adnp2_p1	12	-0.028213	-1.0444	0.42851	0.9316	0.29628	0.85356
Zfp958_p1	12	-0.043519	-1.4846	0.22632	0.88	0.13765	0.82536
Mbtps2_p1	12	-0.0049717	-0.19809	0.89123	0.99405	0.84298	0.98637
Gm14326_p1	4	-0.041491	-1.6187	0.49803	0.95756	0.10551	0.79235
Preb_p1	12	0.043016	1.2079	0.22895	0.88	0.22708	0.83663
Cdx1_p1	12	-0.013418	-0.3527	0.7057	0.98232	0.72431	0.97
Rela_p1	12	0.005953	0.16618	0.85965	0.99405	0.86801	0.98888
Tfap4_p2	12	0.0056078	0.21779	0.86754	0.99405	0.82759	0.98612
Hmgb2_p1	12	0.060486	1.9359	0.09386	0.72883	0.052886	0.76958
Mier2_p1	12	0.03706	0.83535	0.29386	0.90448	0.40352	0.91095
Rhox6_p1	7	0.035003	0.9576	0.4511	0.93557	0.33827	0.89024
Jdp2_p2	12	0.022929	0.61853	0.50461	0.95776	0.53623	0.95021
Nfil3_p1	12	-0.023865	-0.69508	0.49912	0.95756	0.48701	0.94756
Smarce1_p1	12	0.034094	1.2301	0.33092	0.90448	0.21867	0.83663
Zfp617_p1	12	0.010748	0.33579	0.75175	0.99011	0.73703	0.97416
Sall2_p1	12	-0.011613	-0.32278	0.74605	0.99011	0.74686	0.97454
Cdip1_p1	12	-0.033266	-1.1398	0.3511	0.90448	0.25437	0.83663
Mycn_p2	12	0.011982	0.30808	0.72346	0.98907	0.75802	0.9762
Kansl3_p2	12	0.023261	0.68895	0.49671	0.95756	0.49086	0.94756
Mycl_p1	12	-0.023106	-0.59572	0.51294	0.95792	0.55136	0.95021
Zfp35_p1	12	-0.071894	-1.6052	0.044956	0.7193	0.10846	0.79235
Zfp146_p1	12	-0.00020615	-0.0080121	0.99956	0.99956	0.99361	0.99579
Aebp2_p1	12	0.048198	1.384	0.17829	0.79805	0.16635	0.83494
Hbp1_p1	12	-0.01631	-0.59867	0.64693	0.9688	0.54939	0.95021
Mier3_p1	12	0.037362	0.76917	0.29035	0.90448	0.44179	0.93268
Cebpg_p2	12	-0.051224	-0.90774	0.15219	0.77111	0.36402	0.89277
Nexmif_p1	12	-0.031299	-1.154	0.38048	0.90448	0.24848	0.83663
Zfp850_p1	12	0.00051259	0.010093	0.98684	0.99405	0.99195	0.99579
Zfp217_p1	12	-0.02266	-0.74489	0.51908	0.95792	0.45634	0.9422
Hmgxb4_p2	12	0.0048136	0.1422	0.88531	0.99405	0.88692	0.99126
Zfp763_p1	12	0.07604	1.8119	0.032237	0.61224	0.069994	0.79235
Setdb1_p1	10	-0.07374	-1.8295	0.061842	0.72883	0.067329	0.79235
Sub1_p1	12	-0.0012396	-0.04879	0.97434	0.99405	0.96109	0.99287
Gtf2ird1_p2	12	0.03692	0.95487	0.29561	0.90448	0.33964	0.89024
Hinfp_p1	12	-0.021101	-0.70662	0.5432	0.95869	0.4798	0.94756
Platr25_p2	8	-0.0098916	-0.33857	0.84079	0.99405	0.73493	0.97317
Mbd1_p2	12	0.015679	0.62286	0.64189	0.96743	0.53338	0.95021
Tead2_p4	12	-0.016397	-0.38755	0.64496	0.96743	0.69835	0.96502
Otx2_p2	12	0.0079678	0.22471	0.81184	0.99011	0.82221	0.98612
Thap12_p2	12	0.063955	1.6585	0.075877	0.72883	0.097226	0.79235
Zfp654_p1	12	-0.034699	-1.3998	0.33246	0.90448	0.16156	0.83494
Srebf1_p2	12	0.056362	1.0961	0.11623	0.72883	0.27305	0.83663
Maff_p1	12	-0.017249	-0.50255	0.62632	0.96	0.61528	0.95021
Sox2_p1	12	0.030373	0.96186	0.37873	0.90448	0.33612	0.88853
Gtf2i_p1	12	0.034821	0.97326	0.32127	0.90448	0.33043	0.88635
Tsix_p1	12	0.0083499	0.21983	0.80461	0.99011	0.82601	0.98612
Bnc2_p1	12	0.040621	1.2067	0.25417	0.90448	0.22756	0.83663
Rbpj_p3	12	-0.040271	-1.3541	0.26228	0.90448	0.17571	0.83494
Capn15_p1	12	0.013936	0.48623	0.67697	0.97327	0.6268	0.95021
Tcf12_p2	12	-0.012251	-0.44134	0.73224	0.98907	0.65897	0.96021
Klf4_p2	12	0.0047441	0.15766	0.88816	0.99405	0.87472	0.98888
Prdm4_p1	12	0.019423	0.59843	0.57193	0.95941	0.54955	0.95021
Tfcp2l1_p1	12	-0.057906	-1.3465	0.10373	0.72883	0.17816	0.83494
Smad3_p1	12	0.0023713	0.083422	0.94605	0.99405	0.93352	0.99287
Zfp738_p1	6	0.079778	1.3699	0.11228	0.72883	0.17071	0.83494
Tfam_p1	12	-0.0062808	-0.20131	0.85943	0.99405	0.84046	0.98637
Tfdp1_p2	12	0.039446	1.305	0.26579	0.90448	0.1919	0.83494
Prdm2_p1	12	-0.06431	-1.7321	0.073684	0.72883	0.08326	0.79235
Zfp710_p2	12	0.02509	0.71862	0.46776	0.93965	0.47238	0.94683
Zfp219_p1	12	-0.0049866	-0.14549	0.89101	0.99405	0.88432	0.99126
Zfp946_p1	12	0.095009	1.1247	0.0092105	0.51111	0.26073	0.83663
Hmgb2_p2	12	0.098718	2.3583	0.0059211	0.51111	0.018358	0.55599
Rcor2_p1	12	0.037541	0.8084	0.28794	0.90448	0.41886	0.91455
Fiz1_p2	12	0.013242	0.43649	0.69167	0.97327	0.66248	0.96082
Elf2_p1	12	-0.0026181	-0.10928	0.9432	0.99405	0.91298	0.99287
Mybl2_p1	12	-0.0075577	-0.24927	0.83531	0.99405	0.80315	0.98253
Ftx_p1	12	0.044679	1.6889	0.21162	0.85778	0.091243	0.79235
Cic_p1	12	0.025878	0.93839	0.4511	0.93557	0.34804	0.89277
Lrrfip2_p1	12	0.030082	0.87616	0.38333	0.90448	0.38094	0.90238
Ubtf_p1	12	-0.013715	-0.35948	0.69956	0.97703	0.71924	0.96502
Thap1_p1	12	-0.018636	-0.69215	0.59671	0.9596	0.48884	0.94756
Zfp275_p1	12	0.089136	2.2268	0.013816	0.58261	0.025964	0.57754
Sub1_p2	12	-0.0094687	-0.23531	0.79364	0.99011	0.81397	0.98612
Zfp532_p1	12	0.010402	0.20437	0.75921	0.99011	0.83807	0.98637
Zfp473_p1	12	-0.069692	-1.8319	0.050877	0.725	0.066969	0.79235
Prdm14_p1	12	-0.05651	-1.6011	0.11404	0.72883	0.10935	0.79235
Zfp24_p1	12	0.059559	1.4288	0.099123	0.72883	0.15305	0.82773
Ubp1_p1	12	0.0044849	0.27687	0.89583	0.99405	0.78188	0.98007
Aff4_p1	12	0.020412	0.54225	0.55241	0.95941	0.58764	0.95021
Klf13_p1	12	0.0048024	0.18513	0.88553	0.99405	0.85313	0.98845
Hic2_p1	12	0.037686	1.1282	0.28596	0.90448	0.25924	0.83663
Ascl2_p1	12	0.0085249	0.23926	0.80132	0.99011	0.8109	0.98606
Sp2_p1	12	-0.048921	-1.7843	0.17127	0.79289	0.074375	0.79235
Zfx_p1	12	-0.0010597	-0.025118	0.97741	0.99405	0.97996	0.99451
Olig1_p1	12	-0.055239	-1.4592	0.12303	0.72883	0.14451	0.82773
2610021A01Rik_p1	12	-0.015674	-0.49136	0.65965	0.97327	0.62317	0.95021
Atf6b_p1	12	-0.0029856	-0.10676	0.93509	0.99405	0.91498	0.99287
Tslrn1_p1	12	0.035501	0.884	0.3114	0.90448	0.37669	0.89933
Rif1_p1	12	-0.00099321	-0.031947	0.97895	0.99405	0.97451	0.99451
Zfp664_p1	12	0.01044	0.37426	0.75855	0.99011	0.70821	0.96502
Csrnp1_p3	12	0.045412	1.6216	0.20592	0.84215	0.1049	0.79235
Gm49345_p1	8	-0.0042086	-0.13727	0.94474	0.99405	0.89082	0.99128
Zfp263_p1	12	0.0088491	0.3231	0.79211	0.99011	0.74662	0.97454
Tead2_p2	12	-0.014487	-0.38276	0.68443	0.97327	0.7019	0.96502
Zfp57_p3	12	-0.054183	-1.4646	0.12895	0.72883	0.14304	0.82773
Zfp267_p2	12	-0.025858	-0.53035	0.46535	0.93863	0.59587	0.95021
Klf15_p1	12	-0.027926	-0.73353	0.43311	0.9316	0.46324	0.94229
Smad4_p1	12	-0.0062099	-0.12471	0.86162	0.99405	0.90076	0.99128
Plscr1_p2	12	-0.036205	-0.85126	0.3125	0.90448	0.39462	0.91095
Cpeb1_p3	12	-0.014655	-0.46994	0.67982	0.97327	0.6384	0.95288
Lef1_p1	12	-0.027542	-1.057	0.43882	0.93209	0.2905	0.84374
Zfp777_p1	12	-0.053364	-2.1843	0.13443	0.73214	0.028942	0.60085
Zfp605_p1	12	0.021785	0.5962	0.52697	0.95869	0.55104	0.95021
Smad7_p1	12	-0.01463	-0.44799	0.68026	0.97327	0.65416	0.96021
Atf5_p2	12	-0.0090631	-0.21629	0.8011	0.99011	0.82876	0.98612
Foxp1_p1	12	0.0077812	0.23226	0.81645	0.99201	0.81633	0.98612
Zfp729b_p1	11	0.048945	1.5123	0.18596	0.80472	0.13047	0.82536
Zfp609_p1	12	0.040848	1.1312	0.25175	0.90448	0.25795	0.83663
Klf4_p1	12	-0.0017615	-0.040644	0.96118	0.99405	0.96758	0.99451
Gli3_p1	12	-0.023884	-0.7261	0.49912	0.95756	0.46778	0.943
Zfp869_p2	12	0.042071	0.86418	0.23947	0.89388	0.38749	0.90382
Zkscan3_p1	12	0.05417	1.7138	0.13202	0.73214	0.086562	0.79235
Trim28_p2	12	0.0038773	0.189	0.91009	0.99405	0.85009	0.98637
Nfe2l1_p1	12	-0.045688	-1.2489	0.20329	0.83891	0.21172	0.83587
Yeats4_p1	12	-0.044607	-1.354	0.21513	0.86404	0.17573	0.83494
Gzf1_p1	12	-0.054937	-1.3234	0.125	0.72883	0.18572	0.83494
Zfp317_p1	12	0.033467	0.95477	0.33816	0.90448	0.3397	0.89024
Tcf15_p1	12	-0.028777	-1.121	0.41842	0.92174	0.2623	0.83663
Nfatc3_p2	12	0.0046094	0.1678	0.89167	0.99405	0.86674	0.98888
Cpeb1_p2	12	0.042735	1.1082	0.23158	0.88	0.26776	0.83663
Cenpa_p1	12	-0.038211	-0.97538	0.29013	0.90448	0.32937	0.88635
Zfp748_p1	12	-0.018431	-0.45862	0.60175	0.9596	0.64651	0.95605
Zfp423_p1	12	-0.007285	-0.25181	0.83991	0.99405	0.80119	0.98253
Pias4_p1	12	-0.011131	-0.30322	0.75921	0.99011	0.76172	0.9762
Cenps_p1	12	-0.054926	-1.4049	0.125	0.72883	0.16006	0.83494
Zfp239_p2	12	0.03496	1.1717	0.31974	0.90448	0.2413	0.83663
Nr6a1_p2	12	-0.0025308	-0.083165	0.94452	0.99405	0.93372	0.99287
Zbed4_p1	12	0.01678	0.63548	0.62171	0.9596	0.52511	0.95021
Zfp532_p5	12	0.02679	0.57011	0.43553	0.93209	0.5686	0.95021
Nup62cl_p1	12	-0.0082219	-0.19633	0.81996	0.99233	0.84435	0.98637
Crxos_p3	12	0.022834	0.56629	0.50614	0.95776	0.5712	0.95021
Nkrf_p2	12	0.018338	0.56382	0.59254	0.9596	0.57287	0.95021
Nfya_p1	12	0.058	1.1905	0.10724	0.72883	0.23384	0.83663
Atf3_p2	12	0.032329	1.1334	0.35219	0.90448	0.25705	0.83663
Zbtb44_p1	12	-0.01644	-0.56108	0.64408	0.96743	0.57474	0.95021
Rest_p1	12	0.064726	1.7405	0.072588	0.72883	0.08178	0.79235
Dcp1a_p1	12	0.0098867	0.3303	0.76974	0.99011	0.74117	0.97454
Zbtb6_p1	12	-0.036412	-1.3069	0.31075	0.90448	0.19125	0.83494
Elf2_p2	12	-0.030705	-1.0408	0.38969	0.90448	0.29795	0.8545
Zfp809_p1	12	-0.024889	-0.64922	0.48004	0.94762	0.5162	0.95021
Max_p1	12	-0.015769	-0.38553	0.65811	0.97327	0.69985	0.96502
Zfp976_p1	12	-0.05056	-1.4754	0.15789	0.78229	0.14009	0.82536
Mga_p1	12	0.00072072	0.018939	0.98202	0.99405	0.98489	0.99451
Zfp664_p2	12	-0.092491	-1.6495	0.013596	0.58261	0.099052	0.79235
Zfp532_p4	12	0.014123	0.30458	0.67215	0.97327	0.76069	0.9762
Elmsan1_p1	12	-0.068992	-1.6602	0.053289	0.72537	0.096881	0.79235
Hnrnpu_p1	12	-0.0050359	-0.12333	0.89057	0.99405	0.90184	0.99128
Eed_p1	12	-0.064117	-2.4518	0.075	0.72883	0.014216	0.55599
Zkscan5_p4	12	0.061213	1.3185	0.090132	0.72883	0.18733	0.83494
Rarg_p1	12	0.026397	0.62021	0.44364	0.93364	0.53512	0.95021
Hnrnpk_p2	12	-0.060063	-2.2383	0.09386	0.72883	0.025201	0.57459
Trim28_p1	12	0.039803	0.87017	0.26162	0.90448	0.38421	0.90308
Platr25_p3	7	-0.0027181	-0.068375	0.94737	0.99405	0.94549	0.99287
Ncoa1_p1	12	-0.016219	-0.49262	0.64956	0.96928	0.62228	0.95021
Mbtps2_p2	12	0.01428	0.39363	0.6693	0.97327	0.69385	0.96502
Ncor1_p2	12	0.0032664	0.10678	0.92434	0.99405	0.91497	0.99287
Myb_p1	12	0.046991	1.1388	0.19013	0.81408	0.2548	0.83663
Zfp706_p2	12	-0.028853	-0.84338	0.41645	0.91961	0.39901	0.91095
Nr2f6_p2	12	-0.061763	-1.5607	0.083772	0.72883	0.11859	0.80117
Zfp518b_p1	12	0.0045581	0.16147	0.89364	0.99405	0.87172	0.98888
Smarcal1_p1	12	0.040355	1.5072	0.25702	0.90448	0.13176	0.82536
Nr1d2_p1	12	-0.018693	-0.67549	0.59539	0.9596	0.49936	0.94949
Zfp652_p1	12	0.019649	0.57895	0.56732	0.95941	0.56262	0.95021
Zfp229_p1	12	0.029632	0.63991	0.39013	0.90448	0.52223	0.95021
Zfp516_p2	12	-0.0020561	-0.061531	0.95592	0.99405	0.95094	0.99287
Gmeb2_p1	12	-0.035353	-1.0082	0.32544	0.90448	0.31335	0.87728
Zfp292_p1	12	0.022185	0.55683	0.51711	0.95792	0.57764	0.95021
Zfp574_p2	12	-0.062515	-1.8379	0.080921	0.72883	0.066071	0.79235
Zfp445_p1	12	0.00068854	0.020615	0.98289	0.99405	0.98355	0.99451
E4f1_p2	12	-0.014188	-0.80265	0.69013	0.97327	0.42218	0.91455
Ahctf1_p1	12	-0.015756	-0.50194	0.65833	0.97327	0.61571	0.95021
Zfp280c_p1	12	0.031287	1.1114	0.3682	0.90448	0.26641	0.83663
Mier1_p1	12	0.029873	1.2767	0.38728	0.90448	0.20171	0.83587
Zic2_p1	12	-0.019692	-0.59863	0.57346	0.95941	0.54942	0.95021
Terf1_p1	12	-0.077756	-2.4157	0.032675	0.61224	0.015704	0.55599
Nsd2_p1	12	-0.020781	-0.75269	0.55088	0.95941	0.45164	0.93825
Lbr_p2	12	-0.00083627	-0.023734	0.98377	0.99405	0.98106	0.99451
Tfap4_p1	12	-0.017057	-0.48417	0.63158	0.96206	0.62826	0.95021
Zbtb32_p1	12	-0.029018	-0.76235	0.41404	0.91873	0.44585	0.93684
Zfp740_p1	12	0.047271	1.482	0.18706	0.80472	0.13835	0.82536
Hmg20b_p1	12	-0.036576	-1.0778	0.30965	0.90448	0.28113	0.84273
Foxp1_p5	12	-0.0039113	-0.090109	0.91228	0.99405	0.9282	0.99287
Sall4_p1	12	0.058058	1.5607	0.10724	0.72883	0.11859	0.80117
Zfp655_p1	12	0.054045	2.2707	0.13289	0.73214	0.023164	0.55599
Id1_p1	12	-0.085834	-2.3441	0.019956	0.59474	0.019075	0.55599
Zzz3_p3	12	-0.0050581	-0.17377	0.88991	0.99405	0.86204	0.98888
Sp1_p1	12	0.0011625	0.032495	0.97259	0.99405	0.97408	0.99451
Zscan22_p1	12	0.012628	0.36475	0.70658	0.98232	0.7153	0.96502
Hmga1b_p1	8	0.026212	0.60051	0.54013	0.95869	0.54817	0.95021
Zbtb24_p1	12	0.040527	1.1625	0.25504	0.90448	0.24503	0.83663
Xbp1_p1	12	-0.014914	-0.39075	0.67456	0.97327	0.69598	0.96502
Esrrb_p1	12	-0.0079448	-0.21304	0.82632	0.99405	0.8313	0.98612
Zfp936_p2	4	0.12316	2.0446	0.051754	0.72537	0.040895	0.69015
Nr3c1_p3	12	-0.029288	-0.49033	0.41031	0.91873	0.6239	0.95021
Hsf1_p1	12	0.043379	1.1506	0.22588	0.88	0.24989	0.83663
Nrf1_p1	12	-0.10979	-2.3544	0.0028509	0.325	0.018553	0.55599
Zfp58_p1	12	-0.017852	-0.50414	0.6125	0.9596	0.61416	0.95021
Foxn3_p5	12	0.033172	0.78813	0.34232	0.90448	0.43062	0.92189
Ttf1_p1	12	-0.033515	-0.6922	0.34803	0.90448	0.48881	0.94756
Zfp871_p1	12	-0.016146	-0.4718	0.65044	0.96928	0.63707	0.95288
Tsc22d1_p2	12	-0.05007	-1.708	0.16228	0.78229	0.087645	0.79235
Pou5f1_p2	12	-0.054769	-1.7944	0.12566	0.72883	0.072745	0.79235
Pias2_p1	12	-0.0032006	-0.1325	0.92961	0.99405	0.89459	0.99128
Junb_p1	12	0.022189	0.72401	0.51711	0.95792	0.46906	0.943
Plagl1_p2	12	0.022385	0.46734	0.5136	0.95792	0.64026	0.95288
Rest_p2	12	0.076778	2.6983	0.030921	0.61224	0.0069693	0.55599
Zfp639_p2	12	-0.021924	-0.93342	0.53048	0.95869	0.3506	0.89277
Zfp932_p1	5	0.08832	1.2033	0.11667	0.72883	0.22884	0.83663
Hes1_p2	12	0.035814	0.89442	0.30811	0.90448	0.3711	0.89341
Zfp639_p1	12	0.0094391	0.27283	0.77763	0.99011	0.78498	0.98007
Bcor_p1	12	0.04967	1.8047	0.16425	0.78229	0.071128	0.79235
Gli2_p1	12	-0.012916	-0.27238	0.71754	0.98793	0.78533	0.98007
Zfp956_p1	12	0.020094	0.52464	0.55899	0.95941	0.59983	0.95021
Elmsan1_p2	12	0.017585	0.53649	0.60636	0.9596	0.59162	0.95021
Zfp644_p3	12	-0.031098	-0.9161	0.38399	0.90448	0.35961	0.89277
Kansl1_p2	12	-0.0259	-0.58765	0.46447	0.93863	0.55677	0.95021
Zfp706_p1	12	-0.042779	-1.342	0.23268	0.8805	0.17961	0.83494
Pbx2_p2	12	0.030386	1.2903	0.37851	0.90448	0.19695	0.83542
Blzf1_p1	12	-0.010595	-0.25539	0.77018	0.99011	0.79842	0.98253
Mael_p1	12	-0.0066418	-0.15617	0.85022	0.99405	0.8759	0.98888
Fiz1_p1	12	-0.033496	-1.0714	0.34846	0.90448	0.284	0.84273
Nme2_p1	12	0.0089874	0.37196	0.78947	0.99011	0.70992	0.96502
Zfp105_p1	12	-0.024267	-0.68303	0.49101	0.95756	0.49459	0.94756
Etv5_p1	12	-0.055959	-1.2726	0.11842	0.72883	0.20315	0.83587
Gata2_p1	12	-0.0028286	-0.12289	0.93838	0.99405	0.90219	0.99128
Zfp984_p1	6	0.022814	0.60595	0.65746	0.97327	0.54454	0.95021
Myrf_p1	12	0.083304	2.4285	0.021053	0.59474	0.015162	0.55599
Gabpa_p1	12	-0.039541	-1.2595	0.27193	0.90448	0.20786	0.83587
Zfp532_p2	12	-0.018881	-0.51522	0.59079	0.9596	0.6064	0.95021
Srebf2_p2	12	0.018754	0.70281	0.58355	0.9596	0.48217	0.94756
Otx2_p3	12	-0.14774	-2.9003	0	0	0.003728	0.55599
Mlx_p1	12	-0.002977	-0.089948	0.93531	0.99405	0.92833	0.99287
Cnbp_p1	12	-0.026581	-1.2491	0.45351	0.93557	0.21161	0.83587
Arid1a_p1	12	0.010451	0.25194	0.75833	0.99011	0.80109	0.98253
Khsrp_p1	12	-0.017717	-0.80542	0.61623	0.9596	0.42058	0.91455
Litaf_p1	12	0.032854	0.89572	0.34561	0.90448	0.3704	0.89341
Hmgb1_p1	12	0.075892	1.4332	0.032237	0.61224	0.15179	0.82773
Tmf1_p1	12	-0.0014055	-0.04664	0.96908	0.99405	0.9628	0.99309
Rxrb_p1	12	-0.024011	-0.82272	0.49627	0.95756	0.41067	0.91455
Irf6_p1	12	-0.02021	-0.57899	0.56382	0.95941	0.5626	0.95021
Zfp954_p1	12	0.0017293	0.053735	0.9614	0.99405	0.95715	0.99287
Zfp280b_p1	12	0.007143	0.21139	0.83355	0.99405	0.83258	0.98612
Crxos_p1	12	-0.014143	-0.43848	0.69254	0.97327	0.66104	0.96082
Ubtf_p2	12	-0.046448	-1.2151	0.19496	0.81935	0.22434	0.83663
Zfp748_p2	12	-0.027654	-0.93566	0.43684	0.93209	0.34945	0.89277
Hmgb1_p3	12	-0.066193	-1.6786	0.066447	0.72883	0.093232	0.79235
Zbtb41_p1	12	-0.07213	-2.4684	0.044518	0.7193	0.013572	0.55599
Klf13_p2	12	0.0039024	0.09138	0.90987	0.99405	0.92719	0.99287
Gm14443_p1	10	-0.0043397	-0.10563	0.90154	0.99405	0.91587	0.99287
Zfp12_p2	12	0.037364	1.1754	0.29035	0.90448	0.23982	0.83663
Gbx2_p1	12	0.01045	0.47587	0.75833	0.99011	0.63417	0.95282
Mier2_p2	12	-0.033825	-1.0234	0.3432	0.90448	0.30611	0.86971
Litaf_p2	12	-0.017338	-0.42083	0.62478	0.9596	0.67388	0.96502
Nfrkb_p1	12	0.030883	1.0932	0.37171	0.90448	0.27429	0.83663
Pbrm1_p1	12	-0.0064626	-0.15452	0.85614	0.99405	0.8772	0.98888
Mid2_p1	12	0.038399	1.0598	0.27697	0.90448	0.28923	0.84273
Tcf12_p1	12	-0.00018822	-0.0061823	0.99868	0.99956	0.99507	0.99616
Gata2_p2	12	-0.0093964	-0.2622	0.79408	0.99011	0.79317	0.98253
E2f3_p1	12	0.039949	0.72576	0.26096	0.90448	0.46798	0.943
Pbx2_p1	12	0.0082239	0.24331	0.80724	0.99011	0.80776	0.98355
Mitf_p3	12	-0.056067	-1.4748	0.11798	0.72883	0.14028	0.82536
Aebp2_p2	12	-0.020373	-0.6854	0.55987	0.95941	0.49309	0.94756
Zfp944_p1	5	0.034748	0.53296	0.52346	0.95792	0.59406	0.95021
Patz1_p2	12	-0.012153	-0.30893	0.73399	0.98907	0.75738	0.9762
Zfp184_p2	12	0.098516	2.4233	0.0061404	0.51111	0.015379	0.55599
Smarcc1_p2	12	-0.067728	-1.5699	0.059211	0.72883	0.11643	0.80117
Stat3_p1	12	-0.11297	-2.9231	0.002193	0.325	0.0034659	0.55599
Patz1_p1	12	0.018506	0.51634	0.58947	0.9596	0.60562	0.95021
Cebpg_p1	12	-0.038086	-1.1908	0.29167	0.90448	0.23374	0.83663
Thap1_p2	12	-0.048828	-1.1804	0.17259	0.794	0.23785	0.83663
Hmgb1_p4	12	-0.031226	-1.0183	0.38092	0.90448	0.30852	0.87382
Zfp771_p1	12	-0.020558	-0.62271	0.55461	0.95941	0.53348	0.95021
Lrrfip2_p2	12	0.083301	2.2607	0.021053	0.59474	0.023776	0.55599
Foxp1_p2	12	0.008352	0.27624	0.80461	0.99011	0.78237	0.98007
Zfp930_p1	12	-0.011287	-0.49677	0.75417	0.99011	0.61935	0.95021
Ubtf_p3	12	0.0095905	0.33819	0.775	0.99011	0.73522	0.97317
Srf_p1	12	-0.016958	-0.89029	0.63377	0.96206	0.37331	0.89359
Klf11_p2	12	0.038293	1.0652	0.27807	0.90448	0.28677	0.84273
Zbtb2_p1	12	-0.018837	-0.64852	0.59167	0.9596	0.51665	0.95021
Sox13_p1	12	0.012461	0.39347	0.70965	0.98359	0.69397	0.96502
Etv4_p2	12	-0.04151	-1.0788	0.24715	0.90448	0.28069	0.84273
Rara_p2	12	-0.026316	-0.70179	0.45855	0.93557	0.48281	0.94756
Mta2_p1	12	-0.023866	-0.87062	0.49912	0.95756	0.38396	0.90308
Atf3_p1	12	-0.0069257	-0.25374	0.84605	0.99405	0.7997	0.98253
Nfyb_p1	12	0.046693	1.7947	0.19298	0.8186	0.072696	0.79235
Foxa2_p1	12	0.039089	1.4233	0.27018	0.90448	0.15464	0.82773
Rbak_p1	12	-0.059134	-2.0951	0.097588	0.72883	0.036165	0.66642
Hsf2_p1	12	0.0093383	0.38907	0.78026	0.99011	0.69723	0.96502
Zfp369_p1	12	-0.056262	-1.7063	0.11645	0.72883	0.087948	0.79235
Lrrfip1_p1	12	0.032174	1.0774	0.35395	0.90448	0.28129	0.84273
Kmt2c_p1	12	0.07039	1.9799	0.048246	0.725	0.047713	0.73752
E4f1_p1	12	-0.018175	-0.48673	0.6057	0.9596	0.62645	0.95021
Bcorl1_p2	12	-0.081891	-2.182	0.024781	0.59474	0.029108	0.60085
Csde1_p1	12	-0.021433	-0.58976	0.53882	0.95869	0.55535	0.95021
Carhsp1_p1	12	-0.025049	-1.2497	0.47719	0.94403	0.21142	0.83587
Cdx4_p1	12	0.052414	1.585	0.14452	0.76628	0.11297	0.79864
Tfam_p2	12	-0.043158	-1.1392	0.22982	0.88	0.25461	0.83663
Nr0b1_p1	12	0.035216	1.0635	0.31667	0.90448	0.28757	0.84273
Pitx2_p2	12	-0.10928	-2.521	0.0028509	0.325	0.011703	0.55599
Preb_p2	12	-0.033325	-0.9073	0.35022	0.90448	0.36425	0.89277
Crebzf_p2	12	0.040399	1.4436	0.2568	0.90448	0.14885	0.82773
Maff_p3	12	-0.0062889	-0.1491	0.85899	0.99405	0.88147	0.99126
Zscan25_p1	12	0.01719	0.56887	0.61469	0.9596	0.56945	0.95021
Zfp65_p1	12	0.051992	1.6601	0.14737	0.768	0.096889	0.79235
Zfp263_p2	12	-0.026613	-0.59256	0.45307	0.93557	0.55347	0.95021
Mxi1_p2	12	0.043473	0.97156	0.22478	0.88	0.33127	0.88635
Lyar_p1	12	-0.027822	-0.74439	0.43465	0.93209	0.45664	0.9422
Zfp644_p2	12	0.033045	0.87928	0.34386	0.90448	0.37925	0.90238
Wdhd1_p1	12	-0.010503	-0.34918	0.77171	0.99011	0.72696	0.97004
Atf2_p1	12	-0.040468	-0.87656	0.26096	0.90448	0.38073	0.90238
Six1_p1	12	0.0027525	0.062609	0.93706	0.99405	0.95008	0.99287
Zmat3_p2	12	0.034509	1.1463	0.32588	0.90448	0.25167	0.83663
Platr25_p4	12	0.026899	0.73666	0.43092	0.9316	0.46133	0.94229
Nfkb2_p2	12	-0.012138	-0.38318	0.73421	0.98907	0.70158	0.96502
E2f2_p1	12	-0.0058281	-0.2133	0.87259	0.99405	0.83109	0.98612
Smad2_p1	12	-0.013269	-0.29329	0.70921	0.98359	0.7693	0.9764
Pura_p1	12	0.001673	0.05365	0.96272	0.99405	0.95721	0.99287
Zfp449_p1	12	-0.0014156	-0.060778	0.96886	0.99405	0.95154	0.99287
Hmga1_p1	12	0.01098	0.41729	0.74561	0.99011	0.67647	0.96502
Arid2_p1	12	-0.055995	-1.8822	0.11842	0.72883	0.059815	0.79235
Tead4_p1	12	0.054632	1.7888	0.12741	0.72883	0.073641	0.79235
Hes6_p1	12	-0.0032641	-0.095593	0.92807	0.99405	0.92384	0.99287
Stat3_p2	12	0.042218	1.2508	0.23772	0.89218	0.211	0.83587
Zbtb43_p1	12	0.0027197	0.079708	0.9375	0.99405	0.93647	0.99287
Nanog_p1	12	-0.075872	-2.091	0.035965	0.64314	0.036525	0.66642
Zfp574_p1	12	0.061131	1.6248	0.09057	0.72883	0.10421	0.79235
Id2_p2	12	-0.064562	-2.4968	0.072368	0.72883	0.012532	0.55599
Nr3c1_p2	12	0.062135	2.4324	0.086184	0.72883	0.014999	0.55599
Nkrf_p1	12	0.030493	0.80889	0.37719	0.90448	0.41858	0.91455
Zbtb8a_p1	12	-0.032606	-0.99363	0.36118	0.90448	0.3204	0.88635
Zfp553_p1	12	0.065955	1.669	0.069079	0.72883	0.095124	0.79235
Mier3_p5	12	0.00064123	0.016445	0.98399	0.99405	0.98688	0.99451
Irf1_p1	12	-0.033302	-1.0862	0.35088	0.90448	0.27739	0.84045
Lrrfip1_p2	12	0.037836	1.1714	0.28421	0.90448	0.24144	0.83663
Zfp938_p1	12	0.0073873	0.22789	0.82939	0.99405	0.81973	0.98612
Thap12_p1	12	-0.032911	-0.68834	0.35636	0.90448	0.49124	0.94756
Foxp4_p1	12	0.0010147	0.031796	0.97566	0.99405	0.97463	0.99451
Zbtb33_p1	12	-0.088748	-2.4221	0.016886	0.59474	0.015432	0.55599
Zfp91_p1	12	0.023395	0.82114	0.49452	0.95756	0.41157	0.91455
E2f5_p1	12	-0.0010952	-0.03271	0.97741	0.99405	0.97391	0.99451
Cenpt_p2	12	0.029339	0.82566	0.39518	0.90448	0.409	0.91455
Klf9_p1	12	0.009126	0.2777	0.78706	0.99011	0.78124	0.98007
Hesx1_p2	12	-0.00055877	-0.017453	0.98969	0.99405	0.98608	0.99451
Zfp334_p1	12	0.0077705	0.21667	0.81689	0.99201	0.82846	0.98612
Tsix_p2	12	-0.014256	-0.43335	0.68925	0.97327	0.66476	0.96082
Nr4a1_p2	12	-0.013491	-0.47019	0.70439	0.98226	0.63822	0.95288
Gata1_p1	12	-0.018184	-0.50335	0.60526	0.9596	0.61472	0.95021
Hopx_p1	12	-0.0028318	-0.077509	0.93816	0.99405	0.93822	0.99287
E2f8_p2	12	0.047541	1.0104	0.18487	0.80472	0.31232	0.87728
Map3k15_p1	12	-0.018331	-0.55915	0.60219	0.9596	0.57606	0.95021
Nr3c1_p1	12	-0.097577	-3.1448	0.0076754	0.51111	0.0016619	0.55599
Arid3a_p2	12	0.020898	0.57766	0.54364	0.95869	0.5635	0.95021
Sox4_p1	12	-0.027913	-0.63695	0.43311	0.9316	0.52416	0.95021
Bbx_p2	12	0.018834	0.59968	0.58158	0.9596	0.54872	0.95021
Maz_p1	12	-0.0043869	-0.16938	0.90263	0.99405	0.8655	0.98888
Foxk2_p1	12	-0.0075479	-0.25176	0.83531	0.99405	0.80123	0.98253
Arid4b_p2	12	-0.0081363	-0.27244	0.82259	0.99233	0.78528	0.98007
Baz2b_p2	12	0.04933	1.1939	0.16732	0.7866	0.2325	0.83663
Baz2b_p1	12	0.0034914	0.072614	0.91842	0.99405	0.94211	0.99287
Mbd3_p1	12	0.012081	0.49212	0.72105	0.98907	0.62263	0.95021
Zfp131_p1	12	-0.05473	-1.5344	0.12566	0.72883	0.12494	0.82536
Gabpb2_p1	12	0.022247	0.60441	0.51535	0.95792	0.54557	0.95021
Arid4a_p2	12	-0.003865	-0.10796	0.91316	0.99405	0.91403	0.99287
Hopx_p2	12	-0.028852	-0.67004	0.41645	0.91961	0.50283	0.94949
Id2_p1	12	-0.0085801	-0.22421	0.81162	0.99011	0.8226	0.98612
Sp1_p3	12	0.059055	1.2951	0.10241	0.72883	0.19529	0.83494
Tead2_p1	12	0.021234	0.92155	0.53794	0.95869	0.35677	0.89277
Myc_p1	12	-0.049806	-1.5281	0.16382	0.78229	0.12649	0.82536
Rlf_p1	12	0.0054153	0.17406	0.87215	0.99405	0.86182	0.98888
Zbtb6_p2	12	-0.054876	-1.3293	0.12522	0.72883	0.18376	0.83494
Zfp27_p1	12	0.091394	2.1118	0.011184	0.53684	0.034706	0.66642
Lin28a_p1	12	-0.044564	-1.1645	0.21601	0.86404	0.24422	0.83663
Zfp646_p2	12	-0.017681	-0.50013	0.61667	0.9596	0.61698	0.95021
Zfp871_p2	12	0.051327	1.4259	0.15351	0.77348	0.1539	0.82773
Rbck1_p1	12	-0.034263	-0.77951	0.33728	0.90448	0.43568	0.92552
Nfatc4_p3	12	-0.055599	-1.23	0.12105	0.72883	0.21869	0.83663
Zfp516_p4	12	0.020004	0.60752	0.56096	0.95941	0.54351	0.95021
Gatad1_p1	12	0.034129	1.0961	0.33048	0.90448	0.27303	0.83663
Tet2_p2	12	0.049636	1.6853	0.16447	0.78229	0.091937	0.79235
Smad5_p1	12	-0.055636	-1.8637	0.12018	0.72883	0.06236	0.79235
Relb_p1	12	-0.042152	-0.90947	0.24013	0.89388	0.3631	0.89277
Jund_p1	12	-0.02948	-0.91993	0.40768	0.91675	0.35761	0.89277
Zmat3_p1	12	0.026331	0.86432	0.4443	0.93364	0.38741	0.90382
Tfe3_p2	12	0.054825	1.6742	0.12654	0.72883	0.094097	0.79235
Zfp493_p1	12	-0.026374	-0.53927	0.45789	0.93557	0.5897	0.95021
Grhl3_p1	12	0.0067415	0.21682	0.84167	0.99405	0.82835	0.98612
Gm45871_p1	12	-0.0092121	-0.27068	0.79825	0.99011	0.78664	0.98007
Atf4_p1	12	-0.14602	-3.6261	0	0	0.00028777	0.26245
Trp73_p1	12	0.012005	0.35095	0.72259	0.98907	0.72562	0.97004
Zkscan6_p1	12	-0.014153	-0.51206	0.69145	0.97327	0.60861	0.95021
Gm14403_p1	6	-0.007505	-0.17037	0.88531	0.99405	0.86472	0.98888
Gm35315_p1	12	-0.043466	-1.3352	0.22654	0.88	0.18181	0.83494
Rxra_p1	12	-0.0077829	-0.29409	0.82895	0.99405	0.76869	0.9764
Rara_p1	12	-0.060019	-2.0224	0.09386	0.72883	0.043135	0.69015
Brd4_p1	12	0.016839	0.41123	0.62105	0.9596	0.6809	0.96502
Smarce1_p2	12	-0.039861	-1.2791	0.26732	0.90448	0.20085	0.83587
Pou3f1_p1	12	0.0089766	0.271	0.78947	0.99011	0.78639	0.98007
Epas1_p1	12	0.0019747	0.05997	0.95658	0.99405	0.95218	0.99287
Mier3_p2	12	0.055786	2.3905	0.11974	0.72883	0.016823	0.55599
Zfp36l2_p1	12	0.021517	0.82043	0.53421	0.95869	0.41197	0.91455
Zfp59_p1	12	0.017216	0.51856	0.61404	0.9596	0.60407	0.95021
Zfp760_p1	12	-0.015501	-0.54441	0.66206	0.97327	0.58616	0.95021
Mynn_p2	12	-0.019161	-0.51162	0.58421	0.9596	0.60892	0.95021
Usf2_p2	12	-0.022377	-1.1175	0.52412	0.95792	0.2638	0.83663
Zfp367_p1	12	0.0056132	0.19398	0.86754	0.99405	0.84619	0.98637
Smad2_p2	12	-0.0011737	-0.028547	0.97566	0.99405	0.97723	0.99451
Ripply1_p1	12	-0.020008	-0.43349	0.56776	0.95941	0.66466	0.96082
Mynn_p1	12	-0.044836	-0.99394	0.21425	0.86404	0.32025	0.88635
Gtf3a_p1	12	-0.014042	-0.3619	0.69452	0.97327	0.71742	0.96502
T_p2	12	-0.033307	-1.2194	0.35066	0.90448	0.22269	0.83663
Klf8_p1	12	-0.048919	-1.2108	0.17127	0.79289	0.22599	0.83663
Rcor1_p1	12	0.059311	1.3378	0.1	0.72883	0.18096	0.83494
Etv6_p1	12	0.013966	0.29989	0.6761	0.97327	0.76426	0.9762
Parp12_p1	12	-0.039554	-0.93435	0.27149	0.90448	0.35012	0.89277
Rbpj_p2	12	-0.00029457	-0.0082055	0.99693	0.99912	0.99345	0.99579
Xbp1_p2	12	0.029311	0.80913	0.39561	0.90448	0.41844	0.91455
Gm9785_p1	12	-0.059498	-1.3871	0.095614	0.72883	0.1654	0.83494
Zfp37_p3	12	-0.0099525	-0.31986	0.78246	0.99011	0.74907	0.97454
Jdp2_p1	12	0.010243	0.29999	0.76118	0.99011	0.76419	0.9762
Adnp_p1	12	-0.034011	-0.99821	0.34013	0.90448	0.31818	0.88635
Zfp692_p1	12	-0.063155	-1.7722	0.078947	0.72883	0.076367	0.79235
Tfe3_p1	12	-0.030472	-0.92317	0.39298	0.90448	0.35592	0.89277
Zfp408_p1	12	-0.03544	-1.4021	0.32456	0.90448	0.16089	0.83494
Rxra_p2	12	0.0044327	0.12945	0.89781	0.99405	0.897	0.99128
Bach1_p1	12	0.022748	0.6491	0.50724	0.95776	0.51628	0.95021
Spic_p2	12	0.042826	1.2122	0.23048	0.88	0.22545	0.83663
Jarid2_p3	12	0.051507	1.2965	0.15219	0.77111	0.19482	0.83494
Trp53_p1	12	0.095127	2.2733	0.0089912	0.51111	0.023008	0.55599
Zbtb32_p2	12	-0.066858	-1.6529	0.063596	0.72883	0.09836	0.79235
5430403G16Rik_p1	12	0.0058335	0.1959	0.86228	0.99405	0.84469	0.98637
Zfp386_p1	12	-0.026972	-0.76068	0.44649	0.93557	0.44685	0.93684
Hmgxb3_p1	12	0.0035651	0.14814	0.91711	0.99405	0.88223	0.99126
Zfp7_p1	12	-0.026383	-0.78004	0.45768	0.93557	0.43537	0.92552
Tcfl5_p1	12	-0.03109	-1.1129	0.38421	0.90448	0.26577	0.83663
Nr6a1_p1	12	0.049459	1.6472	0.16579	0.78342	0.099526	0.79235
Csrnp2_p1	12	0.048039	1.2964	0.17917	0.79805	0.19483	0.83494
Zmiz2_p1	12	0.0065624	0.18961	0.84605	0.99405	0.84962	0.98637
Zfp281_p1	12	0.01944	0.37626	0.57149	0.95941	0.70673	0.96502
Stag2_p3	12	-0.025957	-0.62609	0.4636	0.93863	0.53126	0.95021
Nr3c1_p5	12	0.026551	0.73332	0.43947	0.93209	0.46336	0.94229
Gm20939_p1	11	-0.014719	-0.45217	0.6932	0.97327	0.65115	0.95964
Zfp977_p1	10	0.0052867	0.21307	0.89518	0.99405	0.83128	0.98612
Foxp1_p4	12	0.020399	0.50459	0.55285	0.95941	0.61385	0.95021
Nr6a1_p3	12	0.026077	0.49757	0.44781	0.93557	0.61879	0.95021
Zfp719_p1	12	0.057154	1.2574	0.11162	0.72883	0.20862	0.83587
Zfp819_p1	12	0.0097376	0.30588	0.77237	0.99011	0.7597	0.9762
Foxi3_p1	12	0.0020914	0.072837	0.95351	0.99405	0.94194	0.99287
Klf6_p1	12	0.02789	0.71398	0.41404	0.91873	0.47524	0.94756
Tfeb_p4	12	-0.047478	-1.2933	0.18553	0.80472	0.19592	0.83494
Nfatc4_p1	12	0.035988	0.83912	0.30636	0.90448	0.4014	0.91095
Hnrnpk_p1	12	-0.037694	-0.97768	0.29474	0.90448	0.32823	0.88635
Pias1_p2	12	-0.014317	-0.26108	0.68794	0.97327	0.79403	0.98253
Srebf1_p3	12	-0.0098897	-0.30223	0.78377	0.99011	0.76248	0.9762
T_p1	12	0.0030666	0.11262	0.92982	0.99405	0.91033	0.99287
Ftx_p2	12	-0.021727	-0.48668	0.53333	0.95869	0.62649	0.95021
Zfp617_p2	12	-0.012148	-0.38168	0.73421	0.98907	0.7027	0.96502
Tgif2_p2	12	0.0097234	0.23008	0.77281	0.99011	0.81803	0.98612
Zfp747_p1	12	0.0043566	0.15474	0.89934	0.99405	0.87703	0.98888
Ybx3_p1	12	-0.017872	-0.46557	0.61162	0.9596	0.64152	0.95288
Myef2_p1	12	0.039354	0.79697	0.26732	0.90448	0.42547	0.9153
Zfp266_p1	12	0.040543	1.4321	0.25504	0.90448	0.15211	0.82773
Maf1_p1	12	-0.028117	-0.83998	0.42961	0.9316	0.40092	0.91095
Crebrf_p1	12	-0.019438	-0.51675	0.57917	0.9596	0.60533	0.95021
Zbtb45_p1	12	-0.039722	-1.1776	0.26974	0.90448	0.23896	0.83663
Klf10_p2	12	0.0019017	0.056017	0.95768	0.99405	0.95533	0.99287
Brd4_p2	12	0.002274	0.05684	0.94912	0.99405	0.95467	0.99287
Zfp217_p3	12	0.010556	0.25241	0.75548	0.99011	0.80073	0.98253
Zfp472_p1	12	0.079442	2.4217	0.024781	0.59474	0.015447	0.55599
Vezf1_p1	12	0.068227	0.75322	0.057018	0.72883	0.45132	0.93825
Arid1a_p2	12	-0.027512	-0.7114	0.43882	0.93209	0.47684	0.94756
Zfp236_p2	12	0.020747	0.67289	0.54583	0.95915	0.50102	0.94949
Tsc22d1_p1	12	0.029161	0.89226	0.39803	0.90448	0.37225	0.89341
Olig2_p1	12	-0.030877	-0.90466	0.38706	0.90448	0.36564	0.89277
Jun_p1	12	-0.012863	-0.29156	0.7182	0.98793	0.77063	0.9764
Aff1_p1	12	0.053041	1.4274	0.14079	0.75976	0.15346	0.82773
Paxbp1_p1	12	0.035915	1.625	0.30702	0.90448	0.10415	0.79235
Zfp42_p1	12	0.018551	0.48812	0.58772	0.9596	0.62546	0.95021
Zfp874b_p1	12	-0.034137	-0.80357	0.33904	0.90448	0.42164	0.91455
Zfp985_p1	8	-0.0017795	-0.036063	0.9886	0.99405	0.97123	0.99451
Gmeb2_p2	12	0.084539	1.9238	0.019079	0.59474	0.054383	0.77496
Cbfb_p1	12	0.055834	1.7206	0.11952	0.72883	0.085322	0.79235
Zfp971_p1	12	0.031488	1.0728	0.36513	0.90448	0.28338	0.84273
Lcor_p1	12	-0.026112	-0.24574	0.4614	0.93719	0.80588	0.98307
Bclaf1_p1	12	-0.022598	-0.63328	0.51974	0.95792	0.52655	0.95021
Lbr_p1	12	0.063065	1.6519	0.080263	0.72883	0.098551	0.79235
Nr2c2_p1	12	-0.061174	-1.4385	0.087719	0.72883	0.1503	0.82773
E2f3_p2	12	0.010956	0.30779	0.74627	0.99011	0.75824	0.9762
Kansl1_p1	12	-0.062981	-2.0842	0.079167	0.72883	0.037146	0.66642
Zfp62_p1	12	0.0007221	0.018461	0.98202	0.99405	0.98527	0.99451
Zfp219_p2	12	0.049848	1.8197	0.16294	0.78229	0.068804	0.79235
Klf2_p1	12	-0.02118	-0.56881	0.54211	0.95869	0.56949	0.95021
Tcf3_p1	12	-0.031805	-0.98698	0.3739	0.90448	0.32365	0.88635
Rxrb_p2	12	-0.042014	-1.133	0.24189	0.89675	0.25722	0.83663
Zfp512_p1	12	-0.031577	-0.77833	0.37807	0.90448	0.43638	0.92552
Zfp37_p2	12	-0.017356	-0.40834	0.62478	0.9596	0.68302	0.96502
Cenpt_p1	12	-0.018986	-0.54688	0.58794	0.9596	0.58446	0.95021
Zfp267_p1	12	0.015567	0.5988	0.64342	0.96743	0.54931	0.95021
Hmgb1_p2	12	-0.083248	-1.8504	0.023465	0.59474	0.064257	0.79235
Zfp296_p2	12	0.077463	2.2841	0.029386	0.61224	0.022363	0.55599
Creb3_p1	12	0.0022624	0.058012	0.94912	0.99405	0.95374	0.99287
Hbp1_p2	12	-0.0045482	-0.12556	0.89912	0.99405	0.90008	0.99128
Snapc4_p1	12	-0.07424	-2.6535	0.039912	0.68679	0.0079651	0.55599
Rcor2_p3	12	-0.035882	-1.0999	0.31667	0.90448	0.27136	0.83663
Zfp57_p1	12	0.030765	0.75078	0.37368	0.90448	0.45279	0.9385
Maff_p2	12	-0.0085633	-0.31339	0.81184	0.99011	0.75398	0.9762
Arid3a_p1	12	-0.014353	-0.37336	0.68728	0.97327	0.70888	0.96502
Gpbp1l1_p1	12	-0.0088058	-0.43333	0.8057	0.99011	0.66477	0.96082
Nr2c2_p2	12	-0.017405	-0.5213	0.62368	0.9596	0.60216	0.95021
Gm15446_p1	8	-0.052188	-0.98995	0.23684	0.89218	0.3222	0.88635
Id3_p1	12	0.02276	0.73419	0.50702	0.95776	0.46283	0.94229
Cbfb_p2	12	0.01733	0.63566	0.61118	0.9596	0.525	0.95021
Zfp84_p1	12	-0.006966	-0.17707	0.84496	0.99405	0.85945	0.98845
Zbtb41_p2	12	-0.0051301	-0.1316	0.88772	0.99405	0.8953	0.99128
Stat6_p2	12	0.03661	0.65905	0.29825	0.90448	0.50986	0.95021
Hnrnpu_p2	12	-0.074769	-1.7332	0.038596	0.67692	0.083063	0.79235
Sp2_p2	12	0.070433	1.6709	0.048026	0.725	0.094745	0.79235
Zfp37_p1	12	-0.014555	-0.37445	0.68311	0.97327	0.70807	0.96502
Klf16_p1	12	0.033249	1.1895	0.34123	0.90448	0.23423	0.83663
Arid5b_p2	12	-0.015115	-0.33933	0.67061	0.97327	0.73436	0.97317
Gata1_p3	12	0.036318	0.89407	0.30219	0.90448	0.37129	0.89341
Gabpb1_p1	12	-0.038836	-1.16	0.28224	0.90448	0.24605	0.83663
Zfp322a_p1	12	0.034516	1.1903	0.32566	0.90448	0.23393	0.83663
Zfp770_p1	12	0.010653	0.32062	0.75329	0.99011	0.7485	0.97454
Zfp74_p2	12	-0.032067	-1.0487	0.36974	0.90448	0.29432	0.85212
Zfp512b_p1	12	0.02179	0.54316	0.52675	0.95869	0.58702	0.95021
Pou2f1_p1	12	0.0052863	0.19202	0.87522	0.99405	0.84772	0.98637
Zfp184_p1	12	0.063163	2.0291	0.080044	0.72883	0.042449	0.69015
Hnrnpk_p3	12	0.016477	0.44116	0.62763	0.9604	0.65909	0.96021
Pias1_p1	12	-0.042921	-1.5055	0.23158	0.88	0.1322	0.82536
5730507C01Rik_p1	12	0.0080197	0.2784	0.81053	0.99011	0.7807	0.98007
Rlim_p1	12	0.047506	1.2388	0.18487	0.80472	0.21542	0.83663
Mixl1_p1	12	0.027226	0.77192	0.42675	0.9316	0.44016	0.93138
Zfp36l1_p1	12	0.034818	0.96198	0.32149	0.90448	0.33606	0.88853
Zfp622_p1	12	0.029167	0.94267	0.39803	0.90448	0.34585	0.89277
Mier3_p3	12	-0.026611	-0.85178	0.45307	0.93557	0.39434	0.91095
Purb_p1	12	-0.058445	-1.4293	0.10154	0.72883	0.1529	0.82773
Yy1_p1	12	0.030172	0.84459	0.38202	0.90448	0.39834	0.91095
Zfp981_p1	10	-0.019531	-0.5864	0.61425	0.9596	0.5576	0.95021
Pitx2_p3	12	-0.0025952	-0.10216	0.94342	0.99405	0.91863	0.99287
Zfp771_p2	12	0.019391	0.73244	0.57281	0.95941	0.4639	0.94229
Mta3_p1	12	0.011815	0.36035	0.72719	0.98907	0.71859	0.96502
Sall1_p1	12	-0.040697	-0.97344	0.25789	0.90448	0.33033	0.88635
Mta1_p1	12	-0.034444	-1.3528	0.33421	0.90448	0.17612	0.83494
Stat6_p4	12	0.068194	1.5678	0.057018	0.72883	0.11692	0.80117
Zfp687_p1	12	0.061615	1.565	0.088596	0.72883	0.11759	0.80117
Ascl2_p2	12	-0.021832	-0.5786	0.5318	0.95869	0.56286	0.95021
Klf10_p1	12	0.030756	0.72341	0.3739	0.90448	0.46943	0.943
Nfatc4_p4	12	0.0079402	0.28175	0.81184	0.99011	0.77813	0.98007
Six1_p3	12	0.010632	0.37533	0.75417	0.99011	0.70742	0.96502
Thap7_p1	12	-0.030635	-1.0238	0.39057	0.90448	0.30591	0.86971
Arid3b_p1	12	0.0081912	0.22907	0.80789	0.99011	0.81881	0.98612
Tfeb_p3	12	-0.043672	-1.4214	0.225	0.88	0.1552	0.82773
Arid5b_p1	12	0.0021301	0.048529	0.95219	0.99405	0.96129	0.99287
Rarg_p3	12	0.075441	1.6831	0.032895	0.61224	0.092365	0.79235
Mafk_p1	12	0.01678	0.53892	0.62171	0.9596	0.58994	0.95021
Foxo4_p1	12	0.01153	0.32002	0.73289	0.98907	0.74895	0.97454
Zfp459_p1	12	0.068786	2.307	0.055921	0.72883	0.021057	0.55599
Baz2b_p3	12	0.056256	1.1158	0.11711	0.72883	0.2645	0.83663
Gatad1_p2	7	0.0033549	0.087607	0.94539	0.99405	0.93019	0.99287
Elf1_p1	12	-0.060275	-1.6279	0.093421	0.72883	0.10354	0.79235
Ets2_p1	12	-0.0090094	-0.36825	0.80241	0.99011	0.71268	0.96502
Tfeb_p2	12	-0.050154	-1.5003	0.16075	0.78229	0.13353	0.82536
Hmgb3_p1	12	0.046571	1.3069	0.19496	0.81935	0.19125	0.83494
Zfp961_p1	12	-0.0074307	-0.30682	0.83772	0.99405	0.75898	0.9762
Zfp568_p1	12	-0.031704	-1.2842	0.37544	0.90448	0.19907	0.83587
Nr1h2_p2	12	0.063359	1.4341	0.079167	0.72883	0.15154	0.82773
Zfp790_p1	12	0.05589	1.3328	0.11908	0.72883	0.18259	0.83494
Stag2_p1	12	0.095407	1.5967	0.0085526	0.51111	0.11034	0.79235
Mxi1_p1	12	0.013074	0.38776	0.69452	0.97327	0.6982	0.96502
Bcorl1_p1	12	-0.029449	-0.84139	0.40811	0.91675	0.40013	0.91095
Sall4_p2	12	0.0029811	0.07581	0.93158	0.99405	0.93957	0.99287
Six4_p1	12	0.001404	0.049201	0.96952	0.99405	0.96076	0.99287
Foxh1_p1	12	-0.021473	-0.67	0.53772	0.95869	0.50286	0.94949
Zzz3_p2	12	-0.0015636	-0.049588	0.96491	0.99405	0.96045	0.99287
Zfp65_p2	12	0.0099368	0.26684	0.7682	0.99011	0.78959	0.98241
Stat6_p3	12	0.015858	0.5229	0.63947	0.96743	0.60104	0.95021
Ybx1_p2	12	-0.02249	-0.5449	0.52193	0.95792	0.58582	0.95021
Nr2f6_p1	12	0.045609	1.2253	0.20482	0.84144	0.22046	0.83663
Mier1_p2	12	0.013507	0.48476	0.68596	0.97327	0.62785	0.95021
4930522L14Rik_p1	12	-0.020752	-0.60664	0.55154	0.95941	0.54409	0.95021
Mef2b_p1	12	-0.01745	-0.51287	0.62259	0.9596	0.60804	0.95021
Setdb2_p1	12	-0.028244	-0.476	0.42763	0.9316	0.63408	0.95282
Lin28b_p2	12	0.011653	0.51709	0.72961	0.98907	0.60509	0.95021
Usf2_p3	12	0.014685	0.39434	0.66096	0.97327	0.69333	0.96502
Pms1_p1	12	-0.0046547	-0.11018	0.89759	0.99405	0.91226	0.99287
E2f8_p1	12	-0.095564	-2.8068	0.010088	0.51111	0.0050035	0.55599
Tfap2c_p2	12	-0.00061617	-0.020792	0.98904	0.99405	0.98341	0.99451
Zfp367_p2	12	-0.053372	-1.7846	0.13443	0.73214	0.074322	0.79235
Mllt10_p2	12	0.016377	0.4996	0.62939	0.96147	0.61736	0.95021
Spen_p1	12	0.0082829	0.30817	0.80592	0.99011	0.75796	0.9762
Pou5f1_p1	12	-0.065791	-1.4544	0.066886	0.72883	0.14585	0.82773
Zbtb21_p1	12	-0.0039578	-0.14223	0.91206	0.99405	0.8869	0.99126
Plagl1_p1	12	0.021202	0.56232	0.53882	0.95869	0.5739	0.95021
Nfx1_p1	12	0.035459	0.92318	0.31184	0.90448	0.35592	0.89277
Hmgb1_p5	12	-0.056812	-1.7219	0.11162	0.72883	0.085096	0.79235
Gm20422_p1	12	0.017171	0.57088	0.61491	0.9596	0.56808	0.95021
Zfx_p2	12	-0.070242	-1.6054	0.049781	0.725	0.10842	0.79235
Creb3_p2	12	-0.019658	-0.56858	0.57412	0.95941	0.56964	0.95021
Zfp87_p1	12	-0.031029	-0.9153	0.38465	0.90448	0.36003	0.89277
Zic5_p1	12	0.051036	1.2421	0.15548	0.77912	0.21419	0.83663
Spic_p1	12	0.0099554	0.226	0.76776	0.99011	0.8212	0.98612
Rarg_p2	12	-0.010179	-0.44341	0.77763	0.99011	0.65747	0.96021
Zfp296_p1	12	-0.012452	-0.39131	0.72719	0.98907	0.69557	0.96502
Zfp26_p1	12	-0.016992	-0.69515	0.63268	0.96206	0.48696	0.94756
Nfxl1_p1	12	-0.048663	-1.7034	0.17412	0.794	0.088492	0.79235
Zfp110_p1	12	-0.026278	-0.84538	0.45855	0.93557	0.3979	0.91095
Srebf1_p1	12	0.02209	0.56347	0.51996	0.95792	0.57312	0.95021
Cpeb1_p4	12	0.0019525	0.062358	0.95702	0.99405	0.95028	0.99287
Cpeb1_p1	12	0.02018	0.65212	0.55636	0.95941	0.51432	0.95021
Zik1_p1	12	-0.01193	-0.43	0.73925	0.99011	0.6672	0.96279
Elf1_p2	12	0.049613	1.1215	0.16447	0.78229	0.26209	0.83663
Repin1_p1	12	0.010848	0.42139	0.74934	0.99011	0.67347	0.96502
Msl1_p1	12	0.0053467	0.08857	0.87325	0.99405	0.92942	0.99287
Mitf_p4	12	-0.052303	-1.1683	0.14211	0.76235	0.24268	0.83663
Hmgb3_p3	12	-0.06737	-1.88	0.060746	0.72883	0.060105	0.79235
Rbpj_p4	12	0.01102	0.22782	0.74518	0.99011	0.81979	0.98612
Lin28b_p3	12	0.0061551	0.16867	0.85548	0.99405	0.86606	0.98888
Xert_p1	12	0.055338	1.2573	0.12237	0.72883	0.20866	0.83587
Aire_p2	12	0.003465	0.14228	0.91908	0.99405	0.88686	0.99126
Zfp13_p1	12	0.010936	0.32287	0.74715	0.99011	0.7468	0.97454
Jarid2_p1	12	-0.066154	-1.9513	0.066667	0.72883	0.051027	0.76958
Zfp975_p1	12	-0.037929	-1.2972	0.29254	0.90448	0.19457	0.83494
Zfp644_p1	12	0.020153	0.52074	0.55724	0.95941	0.60255	0.95021
Klf10_p3	12	-0.035695	-0.937	0.31974	0.90448	0.34876	0.89277
Gbx2_p2	12	-0.0015443	-0.040738	0.96513	0.99405	0.9675	0.99451
Tgif1_p1	12	0.0060453	0.18048	0.85855	0.99405	0.85677	0.98845
Mier3_p4	12	0.054881	1.2757	0.12632	0.72883	0.20205	0.83587
Wdhd1_p2	12	0.025541	0.7996	0.45724	0.93557	0.42394	0.9153
Tgif2_p1	12	0.04826	1.2642	0.17741	0.79805	0.20614	0.83587
Ybx1_p1	12	-0.049921	-1.8107	0.16338	0.78229	0.07019	0.79235
Zfp212_p1	12	-0.018755	-0.62525	0.59364	0.9596	0.53181	0.95021
Nfkb2_p1	12	0.088792	2.7991	0.014254	0.58261	0.005124	0.55599
Zfp566_p1	12	-0.021187	-0.56789	0.54211	0.95869	0.57011	0.95021
Smarcc1_p1	12	0.024086	0.68031	0.48289	0.95119	0.49631	0.94756
Arid4b_p1	12	-0.015396	-0.4929	0.66469	0.97327	0.62208	0.95021
Klf8_p2	12	0.031152	0.41587	0.36908	0.90448	0.6775	0.96502
Zfp532_p3	12	0.032448	0.83565	0.35132	0.90448	0.40335	0.91095
Zscan10_p1	12	0.0025668	0.061192	0.94145	0.99405	0.95121	0.99287
Gtf2ird1_p1	12	0.031508	0.79686	0.36469	0.90448	0.42553	0.9153
Aff1_p2	12	0.038878	1.1643	0.27105	0.90448	0.24432	0.83663
Gm49359_p1	8	0.03104	0.87245	0.47281	0.94354	0.38296	0.90308
Esx1_p2	12	0.032771	0.96933	0.34649	0.90448	0.33238	0.88635
Zfp52_p1	12	0.0034717	0.13517	0.91864	0.99405	0.89248	0.99128
Rhox9_p1	12	-0.017344	-0.40458	0.62478	0.9596	0.68578	0.96502
Cc2d1a_p1	12	-0.023319	-0.67979	0.50724	0.95776	0.49664	0.94756
Bhlhe40_p1	12	-0.022422	-1.0077	0.52303	0.95792	0.31359	0.87728
Bcorl1_p3	12	-0.033162	-0.83533	0.35285	0.90448	0.40353	0.91095
Sall2_p2	12	-0.016453	-0.4052	0.64408	0.96743	0.68533	0.96502
Foxn3_p1	12	-0.0054109	-0.18059	0.88202	0.99405	0.85669	0.98845
Tsc22d1_p3	12	0.0026109	0.10443	0.94101	0.99405	0.91683	0.99287
Sp3_p2	12	-0.079375	-2.0888	0.03114	0.61224	0.036728	0.66642
Chd8_p1	12	0.028735	0.97123	0.40263	0.90891	0.33143	0.88635
Tfeb_p1	12	0.0092003	0.34637	0.78421	0.99011	0.72906	0.97067
Kat8_p1	12	-0.019885	-0.49684	0.56886	0.95941	0.6193	0.95021
Jpx_p1	12	-0.034064	-0.82929	0.33947	0.90448	0.40694	0.91411
Foxn3_p3	12	0.075809	1.4956	0.032456	0.61224	0.13475	0.82536
Arid4b_p3	12	0.034751	1.0967	0.32237	0.90448	0.27278	0.83663
Kansl3_p1	12	-0.070853	-1.8011	0.047588	0.725	0.071694	0.79235
Zfp592_p1	12	-0.010063	-0.47374	0.78026	0.99011	0.63569	0.95288
Ncor1_p1	12	-0.0010982	-0.045521	0.97741	0.99405	0.96369	0.99309
Pias2_p2	12	-0.041495	-1.3614	0.24781	0.90448	0.17338	0.83494
Zfp948_p1	12	-0.015565	-0.59975	0.66118	0.97327	0.54868	0.95021
Zfp12_p1	12	0.0065249	0.24521	0.84693	0.99405	0.80629	0.98307
Zfp64_p1	12	-0.07244	-2.3207	0.043421	0.7193	0.020305	0.55599
Zkscan5_p3	12	-0.070022	-2.3764	0.05	0.725	0.017481	0.55599
Ubtf_p4	12	0.039258	0.80331	0.26776	0.90448	0.4218	0.91455
Tcf12_p3	12	-0.054048	-1.5998	0.12982	0.72883	0.10964	0.79235
Nfatc4_p2	12	-0.01961	-0.55712	0.57522	0.95941	0.57744	0.95021
Zfp213_p1	12	-0.01096	-0.34362	0.76272	0.99011	0.73113	0.972
Zfp710_p1	12	0.011621	0.19416	0.73048	0.98907	0.84605	0.98637
Zfp623_p1	12	-0.0085011	-0.28546	0.81382	0.99092	0.77529	0.98007
Tfap2c_p1	12	0.065654	0.70152	0.070614	0.72883	0.48298	0.94756
Foxd3_p1	12	-0.020029	-0.55804	0.56754	0.95941	0.57682	0.95021
Etv4_p1	12	-0.031062	-1.0315	0.38465	0.90448	0.30231	0.86428
Zfp148_p2	12	0.06967	1.4846	0.052632	0.72537	0.13765	0.82536
Nr4a1_p1	12	-0.0059063	-0.23687	0.87083	0.99405	0.81276	0.98612
Tfb1m_p1	12	-0.0055387	-0.17732	0.87851	0.99405	0.85926	0.98845
Kansl1_p3	12	-0.090583	-1.6146	0.014693	0.58261	0.1064	0.79235
Zscan21_p1	12	0.046313	1.3003	0.19803	0.82273	0.19349	0.83494
Zfp473_p2	12	0.027575	0.7561	0.41952	0.92193	0.44959	0.93825
Gpbp1_p1	12	-0.030209	-1.4654	0.39627	0.90448	0.1428	0.82773
Zkscan5_p1	12	-0.018247	-0.47646	0.60395	0.9596	0.63374	0.95282
Zfp866_p1	12	0.045138	1.2184	0.20811	0.84732	0.22306	0.83663
Hmga2_p1	12	0.047735	1.4777	0.18224	0.80472	0.13948	0.82536
Zfp322a_p2	12	-0.0016838	-0.024234	0.96272	0.99405	0.98067	0.99451
Pias3_p2	12	-0.0095992	-0.33379	0.79101	0.99011	0.73853	0.97454
Dnajc2_p1	12	0.037291	1.1359	0.29079	0.90448	0.25598	0.83663
Msl2_p2	12	-0.01399	-0.44759	0.69474	0.97327	0.65445	0.96021
Tet2_p1	12	-0.030896	-0.97796	0.38684	0.90448	0.32809	0.88635
Sp5_p1	12	0.081854	1.8918	0.02193	0.59474	0.058518	0.79235
Foxo3_p1	12	0.0096421	0.36538	0.77434	0.99011	0.71483	0.96502
Tax1bp1_p1	12	-0.0071263	-0.2124	0.84254	0.99405	0.8318	0.98612
Zfp868_p1	12	0.019217	0.56228	0.57544	0.95941	0.57392	0.95021
Foxp1_p3	12	-0.030707	-0.70701	0.38947	0.90448	0.47956	0.94756
Pias3_p1	12	0.040474	1.5241	0.25526	0.90448	0.12749	0.82536
Foxn3_p4	12	0.049594	1.2052	0.16469	0.78229	0.22814	0.83663
Smad5_p2	12	-0.018494	-0.62951	0.6	0.9596	0.52902	0.95021
Nr3c1_p4	12	0.017075	0.6221	0.61689	0.9596	0.53387	0.95021
Zfp516_p1	12	0.037485	1.1987	0.28882	0.90448	0.23065	0.83663
Esrrb_p2	12	0.032188	1.2792	0.35373	0.90448	0.20084	0.83587
Tada2b_p1	12	-0.015104	-0.48212	0.67061	0.97327	0.62972	0.95084
Hesx1_p1	12	-0.057274	-1.3263	0.10855	0.72883	0.18474	0.83494
Zfp758_p1	12	0.018843	0.45191	0.58158	0.9596	0.65134	0.95964
Mycn_p1	12	0.0249	0.90009	0.46996	0.94167	0.36807	0.89277
Zfp568_p2	12	0.018389	0.44636	0.59145	0.9596	0.65534	0.96021
Ssrp1_p1	12	-0.030427	-0.85695	0.39298	0.90448	0.39147	0.90935
Zfp646_p1	12	0.060662	1.9336	0.09364	0.72883	0.053162	0.76958
Son_p1	12	-0.035837	-0.90137	0.31776	0.90448	0.36739	0.89277
Bbx_p1	12	0.051981	1.3897	0.14737	0.768	0.16461	0.83494
Tgif1_p3	12	0.065338	1.7386	0.071272	0.72883	0.082111	0.79235
Sohlh2_p1	12	-0.027938	-0.97647	0.43311	0.9316	0.32883	0.88635
Mta2_p2	12	-0.010134	-0.34841	0.77917	0.99011	0.72753	0.97004
Thyn1_p2	12	0.0028173	0.078855	0.93531	0.99405	0.93715	0.99287
Zbtb7b_p2	12	-0.036373	-0.86498	0.3114	0.90448	0.38705	0.90382
Zgpat_p2	12	0.0021978	0.064008	0.95044	0.99405	0.94896	0.99287
Zscan26_p1	12	-0.056889	-1.4878	0.11096	0.72883	0.13681	0.82536
Tfam_p3	12	0.023889	0.48769	0.4864	0.95603	0.62577	0.95021
Gabpb1_p2	12	-0.0015595	-0.05499	0.96491	0.99405	0.95615	0.99287
Tbx3_p1	12	0.01117	0.29753	0.74013	0.99011	0.76606	0.9764
Sp1_p2	12	-0.0031891	-0.10222	0.93004	0.99405	0.91858	0.99287
Zgpat_p1	12	0.0099852	0.29127	0.76689	0.99011	0.77084	0.9764
Mbd4_p1	12	0.043261	1.0973	0.22675	0.88	0.27252	0.83663
Nr1h2_p1	12	0.062188	1.7702	0.086184	0.72883	0.076696	0.79235
Aebp2_p3	12	0.034912	1.0946	0.31996	0.90448	0.27371	0.83663
Tax1bp1_p2	12	-0.014454	-0.36094	0.68465	0.97327	0.71815	0.96502
Zfp516_p3	12	-0.03788	-1.1013	0.29342	0.90448	0.27077	0.83663
Gm2381_p1	8	-0.02953	-0.68104	0.51316	0.95792	0.49584	0.94756
Gata1_p2	12	-0.023808	-1.0436	0.49978	0.95756	0.29669	0.85356
Zfp511_p1	12	0.062753	1.589	0.082675	0.72883	0.11207	0.7985
Zfp207_p1	12	-0.064768	-1.3898	0.071491	0.72883	0.16458	0.83494
Zfp217_p2	12	0.03273	0.92389	0.34693	0.90448	0.35554	0.89277
Arid4a_p1	12	-0.0014651	-0.06324	0.96798	0.99405	0.94958	0.99287
Zfp869_p1	12	-0.021957	-0.56342	0.53048	0.95869	0.57315	0.95021
Nfe2l1_p2	12	0.085644	2.6281	0.016667	0.59474	0.0085872	0.55599
Tcf7_p1	12	0.02899	0.6746	0.39868	0.90448	0.49993	0.94949
Zfp953_p1	12	-0.0048972	-0.20073	0.89232	0.99405	0.84091	0.98637
Hes1_p1	12	-0.010363	-0.35908	0.77478	0.99011	0.71953	0.96502
Terf2_p1	12	-0.032457	-0.90738	0.36382	0.90448	0.3642	0.89277
Rfx2_p1	12	0.061793	1.4047	0.087939	0.72883	0.16011	0.83494
Mysm1_p1	12	-0.025168	-0.98046	0.47588	0.94403	0.32686	0.88635
Zfp141_p1	12	-0.055228	-1.3739	0.12303	0.72883	0.16947	0.83494
Mllt10_p1	12	0.066017	1.3728	0.067982	0.72883	0.16982	0.83494
Thap11_p1	12	-0.011222	-0.29487	0.7557	0.99011	0.7681	0.9764
Gm44973_p1	12	0.031587	0.90271	0.36294	0.90448	0.36668	0.89277
Zfp729a_p1	10	0.014387	0.45821	0.71316	0.98695	0.6468	0.95605
Zfp260_p1	12	0.01727	0.38434	0.61294	0.9596	0.70073	0.96502
Ftx_p3	12	-0.014563	-0.32921	0.68246	0.97327	0.74199	0.97454
Stat6_p1	12	0.012248	0.36257	0.71645	0.98793	0.71692	0.96502
Tfdp2_p2	12	0.027987	0.58623	0.4125	0.91873	0.55772	0.95021
Irf3_p2	12	0.018111	0.40913	0.59605	0.9596	0.68244	0.96502
Cic_p2	12	0.030563	0.69912	0.3761	0.90448	0.48448	0.94756
Jarid2_p2	12	0.014646	0.4136	0.66206	0.97327	0.67917	0.96502
Zscan12_p1	12	0.048453	1.2157	0.1761	0.79805	0.2241	0.83663
Cdc5l_p1	12	-0.015342	-0.40974	0.66645	0.97327	0.682	0.96502
Zfp51_p1	12	-0.03935	-0.94899	0.2739	0.90448	0.34263	0.89277
Dmrt1_p1	12	0.022829	0.68493	0.50614	0.95776	0.49339	0.94756
Zfp777_p2	12	0.023048	0.62419	0.50154	0.95776	0.53251	0.95021
Cebpz_p1	12	-0.0028728	-0.09973	0.93684	0.99405	0.92056	0.99287
Zfp110_p2	12	0.052515	1.4149	0.1443	0.76628	0.1571	0.83299
Znfx1_p1	12	0.0051916	0.16298	0.87719	0.99405	0.87053	0.98888
Atf6_p1	12	0.0068931	0.15532	0.83772	0.99405	0.87657	0.98888
Zfp62_p2	12	-0.0068941	-0.18151	0.84671	0.99405	0.85597	0.98845
Tgif1_p2	12	-0.027316	-0.92632	0.44189	0.93287	0.35428	0.89277
Zfp358_p1	12	-0.026133	-0.6526	0.46096	0.93719	0.51401	0.95021
2610044O15Rik8_p1	12	0.084198	2.2019	0.019518	0.59474	0.027672	0.60085
Zfp74_p1	12	0.058727	1.6001	0.10439	0.72883	0.10958	0.79235
Gm6871_p1	12	0.046207	1.1239	0.19846	0.82273	0.26105	0.83663
Zfp600_p1	5	0.095002	1.5715	0.094298	0.72883	0.11608	0.80117
Crxos_p2	12	0.00040514	0.010301	0.98816	0.99405	0.99178	0.99579
Tox4_p2	12	0.0060446	0.20897	0.85855	0.99405	0.83447	0.98637
Pknox1_p1	12	0.035962	0.90572	0.30658	0.90448	0.36509	0.89277
Zfp637_p1	12	-0.0033906	-0.086503	0.92237	0.99405	0.93107	0.99287
Foxp1_p6	12	0.054418	1.2343	0.12895	0.72883	0.21708	0.83663
Lin28b_p1	12	0.00048688	0.013212	0.98706	0.99405	0.98946	0.99579
Zfp808_p1	4	-0.0015577	-0.022692	0.98268	0.99405	0.9819	0.99451
Pbx2_p3	12	-0.0081561	-0.15863	0.82193	0.99233	0.87396	0.98888
Zbtb44_p2	12	0.0077329	0.17704	0.81864	0.99233	0.85948	0.98845
Peg3_p1	12	-0.0031557	-0.10993	0.93048	0.99405	0.91247	0.99287
Atf5_p1	12	-0.072839	-1.6104	0.042763	0.7193	0.10731	0.79235
Dnmt1_p1	12	0.060942	1.3273	0.091447	0.72883	0.18442	0.83494
Hif1a_p1	12	-0.056135	-1.0761	0.11754	0.72883	0.28188	0.84273
Zfp825_p1	8	-0.0049936	-0.083367	0.92807	0.99405	0.93356	0.99287
Baz2a_p1	12	0.012205	0.40688	0.71732	0.98793	0.68409	0.96502
Nr5a2_p1	12	0.0032265	0.069328	0.92719	0.99405	0.94473	0.99287
Eomes_p1	12	0.014461	0.45979	0.66579	0.97327	0.64567	0.95605
Elf3_p1	12	0.0079273	0.19536	0.81206	0.99011	0.84511	0.98637
Tox4_p1	12	-0.025767	-0.79037	0.46623	0.93863	0.42931	0.92125
Esrrb_p3	12	-0.1186	-2.4038	0.0010965	0.2	0.016227	0.55599
Gm38394_p1	12	0.0092603	0.32197	0.78268	0.99011	0.74747	0.97454
Nfe2l2_p1	12	0.013899	0.52311	0.67785	0.97327	0.6009	0.95021
Gm14401_p1	7	0.034671	0.59998	0.45658	0.93557	0.54852	0.95021
Aire_p1	12	-0.077871	-2.1748	0.032456	0.61224	0.029647	0.60085
Srebf2_p1	12	-0.044295	-1.5389	0.2182	0.869	0.12384	0.82536
Eed_p2	12	-0.02917	-1.1895	0.41162	0.91873	0.23424	0.83663
Nfyc_p1	12	0.035891	0.90446	0.30746	0.90448	0.36575	0.89277
Zbtb17_p1	12	0.005497	0.13643	0.87018	0.99405	0.89148	0.99128
Ubp1_p2	12	0.0071142	0.30948	0.83377	0.99405	0.75695	0.9762
Zfp866_p2	12	0.0096582	0.36424	0.7739	0.99011	0.71568	0.96502
Otx2_p1	12	0.061334	1.3982	0.089254	0.72883	0.16207	0.83494
Rbpj_p1	12	-0.016939	-0.4074	0.63399	0.96206	0.68371	0.96502
Nfatc3_p1	12	0.067135	2.921	0.0625	0.72883	0.0034894	0.55599
Zkscan5_p2	12	-0.037275	-1.0099	0.30154	0.90448	0.31255	0.87728
Zkscan17_p2	12	0.041476	1.1176	0.24671	0.90448	0.26374	0.83663
Gm14322_p1	4	-0.0067311	-0.13513	0.91031	0.99405	0.89251	0.99128
Yy2_p1	12	0.015193	0.63069	0.65044	0.96928	0.52825	0.95021
Tsc22d1_p4	12	0.048698	1.2659	0.1739	0.794	0.20554	0.83587
Nr5a2_p2	12	-0.035452	-0.97565	0.32434	0.90448	0.32924	0.88635
Tfdp2_p3	12	0.026909	0.70485	0.43092	0.9316	0.4809	0.94756
Zbtb7b_p1	12	0.096513	2.0018	0.0074561	0.51111	0.045311	0.71248
Hes6_p2	12	0.016646	0.4442	0.62412	0.9596	0.65689	0.96021
Zfp942_p1	4	-0.0044889	-0.10292	0.94079	0.99405	0.91802	0.99287
Ctcf_p1	12	0.076982	2.0668	0.030702	0.61224	0.038754	0.66686
Preb_p3	12	0.0042734	0.12158	0.90154	0.99405	0.90324	0.99128
Plscr1_p1	12	0.026491	0.69188	0.44123	0.93287	0.48901	0.94756
E2f4_p1	12	-0.083281	-2.4522	0.023246	0.59474	0.014197	0.55599
Tead2_p5	12	0.0051073	0.14417	0.87917	0.99405	0.88536	0.99126
Rex2_p1	4	-0.0045018	-0.083428	0.94035	0.99405	0.93351	0.99287
Thyn1_p1	12	0.032909	1.06	0.34474	0.90448	0.28914	0.84273
Zfp57_p4	12	0.046329	1.3129	0.19759	0.82273	0.18922	0.83494
Zfp934_p2	4	-0.057568	-0.80684	0.34254	0.90448	0.41976	0.91455
Phb_p1	12	-0.095851	-2.0373	0.010088	0.51111	0.041622	0.69015
Zfp951_p1	4	-0.036588	-0.72627	0.5511	0.95941	0.46768	0.943
