Gene	sgRNA	High|beta	High|z	High|p-value	High|fdr	High|wald-p-value	High|wald-fdr
Rcor2_p2	12	-0.019795	-0.27618	0.72456	0.94878	0.78241	1
Zfp740_p2	12	-0.023851	-0.29199	0.65833	0.94537	0.77029	1
Zbtb2_p2	12	0.011884	0.18434	0.77785	0.96125	0.85374	1
Foxn3_p2	12	0.088959	1.2896	0.10965	0.57803	0.1972	1
Zzz3_p1	12	-0.049844	-0.6167	0.35439	0.82711	0.53743	1
Grhl2_p1	12	0.40631	3.161	0	0	0.0015722	0.10012
Esx1_p1	12	-0.039272	-0.41616	0.46118	0.89937	0.6773	1
Cic_p3	12	-0.058782	-0.8077	0.27829	0.77341	0.41926	1
Myc_p2	12	0.11895	1.2173	0.041009	0.34386	0.22348	1
Zfp715_p1	12	0.058827	0.79118	0.25526	0.75613	0.42884	1
NT	300	0	0	0.96075	0.9895	1	1
Mitf_p2	12	-0.02668	-0.33752	0.62171	0.94537	0.73572	1
Mid2_p3	12	-0.038555	-0.53817	0.46842	0.89937	0.59046	1
Tcf7_p2	12	0.17743	1.8816	0.0063596	0.11837	0.059887	0.86694
Eomes_p2	12	0.036363	0.35525	0.44759	0.89154	0.7224	1
Zfp236_p1	12	0.25105	2.3257	0.0002193	0.0090909	0.020033	0.48078
Tfdp2_p1	12	-0.0203	-0.24679	0.71513	0.94834	0.80507	1
Tcf25_p1	12	0.046109	0.65496	0.34693	0.82711	0.51249	1
Zkscan17_p1	12	0.083441	1.225	0.13136	0.63895	0.22057	1
Tfdp1_p1	12	0.03411	0.3946	0.47434	0.90438	0.69314	1
Mis18bp1_p1	12	0.11453	1.5512	0.047588	0.3678	0.12084	1
Csrnp1_p1	12	-0.10168	-1.3277	0.068421	0.4875	0.18427	1
Atf1_p1	12	-0.0077155	-0.15072	0.91667	0.98786	0.88019	1
Zfp57_p2	12	-0.0030956	-0.04389	0.98794	0.99229	0.96499	1
Mbd1_p1	12	0.0044678	0.066805	0.89189	0.98099	0.94674	1
Hif1a_p2	12	-0.078604	-1.059	0.14035	0.64646	0.28958	1
Sp3_p1	12	-0.024266	-0.34573	0.65439	0.94537	0.72955	1
Zfp414_p1	12	-0.028473	-0.5248	0.59649	0.94537	0.59973	1
Tead2_p3	12	0.069308	0.77388	0.1864	0.70824	0.439	1
Zic3_p1	12	-0.64687	-5.1095	0	0	3.2303e-07	6.5022e-05
Mbd2_p1	12	0.062948	0.695	0.22741	0.71834	0.48706	1
Zfp867_p1	12	-0.010396	-0.19538	0.87105	0.97833	0.84509	1
Irf3_p1	12	0.018214	0.23703	0.6864	0.94834	0.81264	1
Mafg_p1	12	0.038909	0.72149	0.41732	0.86895	0.47061	1
Xist_p1	12	-1.5453	-8.5494	0	0	1.237e-17	1.1281e-14
Klf11_p1	12	0.020332	0.40725	0.65088	0.94537	0.68383	1
Usf2_p1	12	-0.022122	-0.43553	0.68553	0.94834	0.66318	1
Msl2_p1	12	0.10055	1.0741	0.073684	0.5145	0.28278	1
Dmtf1_p1	12	0.011028	0.25264	0.78947	0.96405	0.80055	1
Mkrn2_p1	12	-0.038932	-0.53302	0.46469	0.89937	0.59402	1
Thap4_p1	12	0.065174	1.0486	0.21184	0.70824	0.29437	1
Csrnp1_p2	12	-0.088006	-0.8772	0.10373	0.56667	0.38038	1
Kansl1_p4	12	0.0043304	0.04299	0.89364	0.98099	0.96571	1
Gli3_p2	12	0.067195	0.81253	0.1989	0.70824	0.41649	1
Prdm5_p1	12	0.063963	1.0455	0.21908	0.71103	0.29578	1
Bcor_p2	12	0.06839	0.81261	0.19101	0.70824	0.41644	1
Zfp738_p2	11	-0.026406	-0.28987	0.63311	0.94537	0.77192	1
Foxa2_p2	12	0.0072721	0.073144	0.84671	0.97676	0.94169	1
Zfp1_p1	12	-0.0073874	-0.082315	0.92127	0.98786	0.9344	1
Foxn2_p1	12	0.075908	1.2575	0.1568	0.68421	0.20857	1
Zbtb12_p1	12	-0.00097962	-0.013506	0.97675	0.99116	0.98922	1
Stag2_p2	12	0.16055	1.9272	0.010526	0.15738	0.053958	0.83407
E2f6_p1	12	0.064722	0.61196	0.21513	0.70824	0.54056	1
Zfp335_p1	12	-0.016671	-0.29266	0.77193	0.96044	0.76978	1
Foxm1_p1	12	0.15248	1.4597	0.013377	0.17222	0.14436	1
Crxos_p4	12	0.027121	0.27565	0.5614	0.93945	0.78282	1
Ddit3_p1	12	0.013436	0.21081	0.75482	0.95495	0.83304	1
Crebzf_p3	12	0.0026537	0.032229	0.91579	0.98786	0.97429	1
Zfp148_p1	12	-0.033192	-0.45741	0.52961	0.93	0.64738	1
Hmgb3_p2	12	-0.096875	-0.89374	0.079386	0.51757	0.37146	1
Zfp397_p1	12	-0.091652	-1.0505	0.092325	0.54323	0.29351	1
Zfp180_p1	12	-0.044827	-0.5239	0.40175	0.85336	0.60035	1
Klf5_p1	12	0.11558	1.8413	0.045395	0.3569	0.065571	0.90885
Sox11_p1	12	0.034042	0.49293	0.475	0.90438	0.62206	1
Zfp143_p1	12	0.058647	0.67178	0.25636	0.75613	0.50172	1
Tada2a_p1	12	0.07751	0.75082	0.15175	0.67941	0.45276	1
Ahr_p1	12	0.065321	0.78589	0.2114	0.70824	0.43193	1
Zfp119b_p1	6	0.0044126	0.066906	0.92829	0.98786	0.94666	1
Erf_p1	12	0.17089	1.4528	0.0076754	0.13208	0.14628	1
Hnrnpk_p4	12	-0.10305	-0.96398	0.065351	0.46929	0.33506	1
Tead1_p1	12	0.055359	0.72235	0.27522	0.77341	0.47008	1
Hmgxb4_p1	12	-0.051218	-0.65322	0.34189	0.82711	0.51362	1
Crebzf_p1	12	-0.023953	-0.44675	0.65768	0.94537	0.65506	1
Arnt_p1	12	-0.2608	-3.0523	0.0004386	0.016667	0.002271	0.12945
Zfp507_p1	12	0.021419	0.22681	0.63443	0.94537	0.82057	1
Mitf_p1	12	-0.072613	-1.3609	0.175	0.69573	0.17354	1
Zfp512_p2	12	-0.024245	-0.25145	0.65461	0.94537	0.80146	1
Bcor_p3	12	0.032635	0.44609	0.49101	0.9129	0.65553	1
Mid2_p2	12	0.015934	0.21851	0.71711	0.94834	0.82703	1
Sox12_p1	12	0.046053	0.65093	0.34693	0.82711	0.51509	1
Zfp941_p1	12	0.030519	0.36652	0.51579	0.92188	0.71398	1
Zfp239_p1	12	0.052678	0.925	0.29145	0.77341	0.35497	1
Usf1_p1	12	-0.14064	-2.9934	0.017544	0.20513	0.002759	0.14662
Creb1_p1	12	0.058839	0.74486	0.25526	0.75613	0.45635	1
Pitx2_p1	12	-0.041326	-0.62878	0.43838	0.89042	0.52949	1
E2f1_p1	12	-0.0074723	-0.12984	0.92018	0.98786	0.8967	1
Six1_p2	12	0.014627	0.21393	0.73772	0.95495	0.83061	1
Zfp599_p1	12	-0.0057287	-0.070081	0.94561	0.9895	0.94413	1
Glis2_p1	12	0.015802	0.20334	0.7182	0.94834	0.83887	1
Mier1_p3	12	0.041646	0.6311	0.38838	0.85336	0.52798	1
Adnp2_p1	12	-0.075712	-1.0481	0.15943	0.68732	0.29458	1
Zfp958_p1	12	0.1194	1.2951	0.039912	0.34386	0.19529	1
Mbtps2_p1	12	-0.031062	-0.50627	0.55768	0.93945	0.61267	1
Gm14326_p1	4	-0.027797	-0.26954	0.74912	0.95495	0.78751	1
Preb_p1	12	0.02647	0.3201	0.56864	0.94143	0.74889	1
Cdx1_p1	12	-0.052951	-0.80315	0.32346	0.81708	0.42189	1
Rela_p1	12	-0.027966	-0.41874	0.60351	0.94537	0.6754	1
Tfap4_p2	12	0.04867	0.83752	0.32697	0.81863	0.4023	1
Hmgb2_p1	12	-0.045904	-0.5211	0.39211	0.85336	0.6023	1
Mier2_p1	12	-0.0058084	-0.079897	0.94496	0.9895	0.93632	1
Rhox6_p1	7	0.0067983	0.096849	0.88706	0.98099	0.92285	1
Jdp2_p2	12	0.043244	0.56705	0.37281	0.84356	0.57068	1
Nfil3_p1	12	-0.023729	-0.344	0.65965	0.94537	0.73085	1
Smarce1_p1	12	-0.037648	-0.46663	0.47873	0.90581	0.64076	1
Zfp617_p1	12	0.017525	0.20234	0.69605	0.94834	0.83965	1
Sall2_p1	12	0.016217	0.17778	0.71272	0.94834	0.8589	1
Cdip1_p1	12	-0.020015	-0.27482	0.71974	0.94834	0.78346	1
Mycn_p2	12	0.059642	0.66044	0.24956	0.75279	0.50897	1
Kansl3_p2	12	-0.068952	-0.85578	0.20044	0.70824	0.39212	1
Mycl_p1	12	0.022313	0.34484	0.62193	0.94537	0.73022	1
Zfp35_p1	12	0.027173	0.42971	0.56053	0.93945	0.66741	1
Zfp146_p1	12	0.0019002	0.023092	0.92785	0.98786	0.98158	1
Aebp2_p1	12	-0.038563	-0.48398	0.46842	0.89937	0.6284	1
Hbp1_p1	12	0.05815	0.66768	0.26009	0.7627	0.50434	1
Mier3_p1	12	0.043644	0.3671	0.36996	0.84239	0.71355	1
Cebpg_p2	12	0.09806	0.76523	0.080263	0.51757	0.44414	1
Nexmif_p1	12	0.062811	0.96039	0.22763	0.71834	0.33686	1
Zfp850_p1	12	0.011042	0.17905	0.78925	0.96405	0.8579	1
Zfp217_p1	12	-0.19382	-2.9788	0.0024123	0.057895	0.0028937	0.14662
Hmgxb4_p2	12	-0.025848	-0.40251	0.63246	0.94537	0.68731	1
Zfp763_p1	12	-0.059997	-0.59126	0.26996	0.76937	0.55434	1
Setdb1_p1	10	0.27788	2.8835	0.0002193	0.0090909	0.0039326	0.18876
Sub1_p1	12	-0.093757	-1.4049	0.086842	0.5245	0.16004	1
Gtf2ird1_p2	12	0.15127	1.7144	0.013596	0.17222	0.08646	1
Hinfp_p1	12	0.016343	0.2543	0.71118	0.94834	0.79926	1
Platr25_p2	8	-0.0294	-0.27619	0.64649	0.94537	0.7824	1
Mbd1_p2	12	-0.021753	-0.25211	0.69189	0.94834	0.80095	1
Tead2_p4	12	0.071993	0.61697	0.17412	0.69573	0.53725	1
Otx2_p2	12	-0.52584	-5.1337	0	0	2.8416e-07	6.5022e-05
Thap12_p2	12	-0.092301	-0.9258	0.089693	0.53117	0.35455	1
Zfp654_p1	12	0.11878	2.4341	0.041009	0.34386	0.014929	0.40046
Srebf1_p2	12	0.025099	0.23779	0.58399	0.94433	0.81204	1
Maff_p1	12	-0.008377	-0.11588	0.90482	0.98786	0.90775	1
Sox2_p1	12	-0.11609	-1.3956	0.041886	0.34386	0.16283	1
Gtf2i_p1	12	0.029608	0.256	0.52982	0.93	0.79795	1
Tsix_p1	12	0.030216	0.45786	0.51908	0.92281	0.64706	1
Bnc2_p1	12	0.08994	1.3341	0.10439	0.56667	0.18218	1
Rbpj_p3	12	-0.036017	-0.48666	0.49759	0.91308	0.6265	1
Capn15_p1	12	-0.093384	-1.405	0.088158	0.52895	0.16002	1
Tcf12_p2	12	0.13814	1.6105	0.021053	0.23415	0.1073	1
Klf4_p2	12	0.15615	2.0715	0.012061	0.16923	0.038314	0.68101
Prdm4_p1	12	-0.057572	-1.0891	0.28838	0.77341	0.27613	1
Tfcp2l1_p1	12	-0.021252	-0.25485	0.70241	0.94834	0.79884	1
Smad3_p1	12	0.001682	0.032309	0.93246	0.9895	0.97423	1
Zfp738_p1	6	0.039961	0.37881	0.53662	0.93576	0.70483	1
Tfam_p1	12	0.011887	0.1825	0.77785	0.96125	0.85519	1
Tfdp1_p2	12	0.065927	0.93235	0.20855	0.70824	0.35116	1
Prdm2_p1	12	0.076736	0.97264	0.15329	0.68195	0.33073	1
Zfp710_p2	12	-0.097601	-0.92866	0.077632	0.51757	0.35307	1
Zfp219_p1	12	0.02271	0.26251	0.61776	0.94537	0.79293	1
Zfp946_p1	12	0.02593	0.33157	0.575	0.94143	0.74022	1
Hmgb2_p2	12	-0.058572	-0.69927	0.28026	0.77341	0.48438	1
Rcor2_p1	12	-0.079878	-0.88864	0.13421	0.64	0.3742	1
Fiz1_p2	12	0.023865	0.34832	0.60219	0.94537	0.7276	1
Elf2_p1	12	0.01676	0.34684	0.70636	0.94834	0.72871	1
Mybl2_p1	12	-0.0050854	-0.076416	0.95746	0.9895	0.93909	1
Ftx_p1	12	-0.069639	-0.86528	0.19539	0.70824	0.38688	1
Cic_p1	12	0.056197	0.67959	0.26996	0.76937	0.49677	1
Lrrfip2_p1	12	-0.017941	-0.28154	0.75219	0.95495	0.77829	1
Ubtf_p1	12	-0.017793	-0.22479	0.75526	0.95495	0.82214	1
Thap1_p1	12	0.023741	0.37018	0.60395	0.94537	0.71125	1
Zfp275_p1	12	-0.050502	-0.66541	0.34956	0.82711	0.50579	1
Sub1_p2	12	-0.017895	-0.19057	0.75395	0.95495	0.84887	1
Zfp532_p1	12	0.014101	0.21005	0.74518	0.95495	0.83363	1
Zfp473_p1	12	-0.11498	-1.276	0.042982	0.34386	0.20196	1
Prdm14_p1	12	0.034253	0.28132	0.47303	0.90438	0.77846	1
Zfp24_p1	12	0.02351	0.2596	0.60614	0.94537	0.79517	1
Ubp1_p1	12	0.031588	0.4708	0.5011	0.914	0.63778	1
Aff4_p1	12	0.0215	0.42447	0.63268	0.94537	0.67122	1
Klf13_p1	12	-0.0077091	-0.10279	0.91689	0.98786	0.91813	1
Hic2_p1	12	0.11732	1.3692	0.042544	0.34386	0.17093	1
Ascl2_p1	12	0.056846	1.0412	0.26667	0.76937	0.29779	1
Sp2_p1	12	0.071205	0.80079	0.17829	0.69573	0.42325	1
Zfx_p1	12	0.15161	1.3295	0.013377	0.17222	0.18368	1
Olig1_p1	12	-0.021314	-0.28473	0.70132	0.94834	0.77585	1
2610021A01Rik_p1	12	0.0029543	0.050101	0.91228	0.98786	0.96004	1
Atf6b_p1	12	0.022405	0.4447	0.62083	0.94537	0.65654	1
Tslrn1_p1	12	-0.04614	-0.62152	0.39123	0.85336	0.53426	1
Rif1_p1	12	-0.43328	-4.134	0	0	3.5651e-05	0.0032514
Zfp664_p1	12	0.019083	0.33738	0.67215	0.94834	0.73583	1
Csrnp1_p3	12	-0.072512	-1.155	0.17632	0.69573	0.2481	1
Gm49345_p1	8	-0.016411	-0.27181	0.80044	0.96689	0.78577	1
Zfp263_p1	12	0.017913	0.31665	0.69035	0.94834	0.75151	1
Tead2_p2	12	0.085246	1.0418	0.12368	0.61978	0.29749	1
Zfp57_p3	12	0.082852	0.93718	0.13289	0.63895	0.34867	1
Zfp267_p2	12	0.0087679	0.07792	0.82127	0.97676	0.93789	1
Klf15_p1	12	-0.0091632	-0.094569	0.89167	0.98099	0.92466	1
Smad4_p1	12	-0.023838	-0.51479	0.65833	0.94537	0.6067	1
Plscr1_p2	12	0.037658	0.4241	0.43202	0.88143	0.67149	1
Cpeb1_p3	12	-0.079403	-1.1269	0.13684	0.64	0.25977	1
Lef1_p1	12	0.025264	0.54487	0.58202	0.94423	0.58584	1
Zfp777_p1	12	0.018557	0.23664	0.67917	0.94834	0.81293	1
Zfp605_p1	12	-0.039792	-0.33784	0.4557	0.89677	0.73548	1
Smad7_p1	12	0.091739	1.3869	0.1	0.56296	0.16547	1
Atf5_p2	12	-0.021983	-0.21212	0.68772	0.94834	0.83201	1
Foxp1_p1	12	0.029237	0.45956	0.53443	0.9341	0.64583	1
Zfp729b_p1	11	-0.015933	-0.20723	0.78399	0.96231	0.83583	1
Zfp609_p1	12	0.036201	0.42158	0.4489	0.89154	0.67333	1
Klf4_p1	12	0.017784	0.25392	0.69211	0.94834	0.79956	1
Gli3_p1	12	0.0023071	0.028421	0.92149	0.98786	0.97733	1
Zfp869_p2	12	-0.039413	-0.5293	0.46031	0.89937	0.5966	1
Zkscan3_p1	12	0.080734	1.139	0.13969	0.64646	0.25468	1
Trim28_p2	12	-0.02829	-0.41159	0.59934	0.94537	0.68064	1
Nfe2l1_p1	12	-0.072518	-0.97482	0.17632	0.69573	0.32965	1
Yeats4_p1	12	0.0065757	0.065964	0.85833	0.97676	0.94741	1
Gzf1_p1	12	-0.059609	-0.74999	0.27237	0.77143	0.45326	1
Zfp317_p1	12	0.013182	0.17187	0.75855	0.95495	0.86354	1
Tcf15_p1	12	0.039285	0.7424	0.41382	0.8656	0.45784	1
Nfatc3_p2	12	0.023684	0.27649	0.60395	0.94537	0.78217	1
Cpeb1_p2	12	-0.030354	-0.36609	0.56732	0.94143	0.7143	1
Cenpa_p1	12	-0.0092909	-0.11179	0.89035	0.98099	0.91099	1
Zfp748_p1	12	0.1082	1.5656	0.05943	0.44426	0.11745	1
Zfp423_p1	12	-0.038946	-0.5538	0.46447	0.89937	0.57972	1
Pias4_p1	12	0.067561	0.83256	0.19627	0.70824	0.4051	1
Cenps_p1	12	-0.064165	-0.80526	0.23706	0.73779	0.42067	1
Zfp239_p2	12	-0.050788	-0.64169	0.34627	0.82711	0.52108	1
Nr6a1_p2	12	0.043089	0.502	0.37522	0.84494	0.61567	1
Zbed4_p1	12	-0.036881	-0.77919	0.48684	0.90984	0.43587	1
Zfp532_p5	12	-0.0052514	-0.049527	0.95351	0.9895	0.9605	1
Nup62cl_p1	12	-0.20381	-2.2562	0.0019737	0.05	0.024055	0.55693
Crxos_p3	12	0.016873	0.16378	0.70592	0.94834	0.8699	1
Nkrf_p2	12	0.063206	0.75461	0.22478	0.71834	0.45048	1
Nfya_p1	12	0.075916	0.76245	0.1568	0.68421	0.44579	1
Atf3_p2	12	-0.026263	-0.35772	0.62719	0.94537	0.72055	1
Zbtb44_p1	12	0.12482	1.3847	0.034211	0.32165	0.16614	1
Rest_p1	12	-0.00013948	-0.0016223	0.96294	0.9895	0.99871	1
Dcp1a_p1	12	0.18265	2.066	0.0046053	0.095455	0.038829	0.68101
Zbtb6_p1	12	-8.6848e-06	-0.00012921	0.96075	0.9895	0.9999	1
Elf2_p2	12	-0.051391	-1.0085	0.33991	0.82711	0.31323	1
Zfp809_p1	12	-0.0070735	-0.12811	0.92566	0.98786	0.89806	1
Max_p1	12	0.010678	0.14748	0.79518	0.96436	0.88276	1
Zfp976_p1	12	0.040541	0.4531	0.40175	0.85336	0.65048	1
Mga_p1	12	-0.069001	-0.90647	0.20022	0.70824	0.36469	1
Zfp664_p2	12	0.066286	0.6105	0.20658	0.70824	0.54153	1
Zfp532_p4	12	0.097678	1.0354	0.08136	0.51757	0.3005	1
Elmsan1_p1	12	0.010167	0.14416	0.80307	0.9675	0.88537	1
Hnrnpu_p1	12	-0.065867	-0.80347	0.22325	0.71834	0.4217	1
Eed_p1	12	0.0018152	0.039582	0.93026	0.98881	0.96843	1
Zkscan5_p4	12	0.019494	0.19425	0.66447	0.94602	0.84598	1
Rarg_p1	12	-0.031061	-0.36568	0.55768	0.93945	0.7146	1
Hnrnpk_p2	12	-0.049726	-0.60748	0.35592	0.82799	0.54353	1
Trim28_p1	12	0.034958	0.41704	0.46447	0.89937	0.67665	1
Platr25_p3	7	-0.019257	-0.15433	0.78333	0.96231	0.87735	1
Ncoa1_p1	12	-0.042153	-0.59314	0.43136	0.88143	0.55309	1
Mbtps2_p2	12	-0.0054872	-0.065837	0.94978	0.9895	0.94751	1
Ncor1_p2	12	0.14987	1.6031	0.013596	0.17222	0.10892	1
Myb_p1	12	-0.059688	-0.83259	0.27215	0.77143	0.40508	1
Zfp706_p2	12	-0.037769	-0.54802	0.47763	0.90561	0.58368	1
Nr2f6_p2	12	0.075599	1.241	0.15855	0.68732	0.21459	1
Zfp518b_p1	12	-0.38319	-4.7001	0.0002193	0.0090909	2.6003e-06	0.0003105
Smarcal1_p1	12	-0.11482	-1.4098	0.042982	0.34386	0.15859	1
Nr1d2_p1	12	0.01957	0.28432	0.66382	0.94602	0.77616	1
Zfp652_p1	12	0.0063511	0.074699	0.86272	0.97676	0.94045	1
Zfp229_p1	12	0.073418	0.74964	0.16842	0.69573	0.45347	1
Zfp516_p2	12	-0.0042597	-0.047996	0.96974	0.9895	0.96172	1
Gmeb2_p1	12	-0.13114	-1.7423	0.026096	0.26022	0.081451	1
Zfp292_p1	12	-0.12357	-1.4924	0.032018	0.30417	0.1356	1
Zfp574_p2	12	-0.13279	-1.3688	0.023246	0.24368	0.17107	1
Zfp445_p1	12	0.068575	1.2937	0.19013	0.70824	0.19578	1
E4f1_p2	12	-0.090625	-1.2662	0.095395	0.55414	0.20543	1
Ahctf1_p1	12	-0.11849	-1.336	0.038158	0.34314	0.18155	1
Zfp280c_p1	12	0.28271	2.774	0	0	0.0055377	0.24553
Mier1_p1	12	-0.03343	-0.59695	0.52675	0.93	0.55054	1
Zic2_p1	12	-0.04773	-0.80318	0.37368	0.84356	0.42187	1
Terf1_p1	12	0.050456	0.67543	0.30965	0.8	0.49941	1
Nsd2_p1	12	-0.0048093	-0.11942	0.96053	0.9895	0.90494	1
Lbr_p2	12	-0.063805	-0.70965	0.24035	0.73779	0.47792	1
Tfap4_p1	12	-0.037913	-0.56706	0.47654	0.90542	0.57067	1
Zbtb32_p1	12	0.01033	0.11697	0.80022	0.96689	0.90688	1
Zfp740_p1	12	-0.028154	-0.47223	0.60219	0.94537	0.63676	1
Hmg20b_p1	12	-0.17667	-2.6317	0.0063596	0.11837	0.008495	0.28604
Foxp1_p5	12	-0.029365	-0.31565	0.58289	0.94423	0.75227	1
Sall4_p1	12	-0.13411	-1.9947	0.022149	0.24048	0.04608	0.75045
Zfp655_p1	12	2.7612e-05	0.00044598	0.96031	0.9895	0.99964	1
Id1_p1	12	0.02808	0.31185	0.54912	0.93944	0.75515	1
Zzz3_p3	12	0.061263	0.98787	0.2386	0.73779	0.32322	1
Sp1_p1	12	-0.20824	-3.4611	0.0017544	0.048485	0.00053791	0.040881
Zscan22_p1	12	0.00037817	0.0047233	0.95461	0.9895	0.99623	1
Hmga1b_p1	8	0.039832	0.59257	0.50504	0.91753	0.55347	1
Zbtb24_p1	12	-0.030899	-0.35474	0.56009	0.93945	0.72279	1
Xbp1_p1	12	-0.049332	-0.57461	0.35943	0.83198	0.56556	1
Esrrb_p1	12	0.020424	0.29791	0.65	0.94537	0.76577	1
Zfp936_p2	4	0.0066293	0.046621	0.92478	0.98786	0.96282	1
Nr3c1_p3	12	0.0072906	0.069145	0.84671	0.97676	0.94487	1
Hsf1_p1	12	0.056418	0.62758	0.26886	0.76937	0.53028	1
Nrf1_p1	12	-0.1288	-1.0212	0.027632	0.26809	0.30717	1
Zfp58_p1	12	0.020411	0.29069	0.65	0.94537	0.77129	1
Foxn3_p5	12	-0.015459	-0.16657	0.79123	0.96405	0.86771	1
Ttf1_p1	12	-0.11078	-0.65584	0.050877	0.38992	0.51193	1
Zfp871_p1	12	-0.084349	-0.92415	0.11557	0.59548	0.35541	1
Tsc22d1_p2	12	0.075234	0.92336	0.15987	0.68732	0.35582	1
Pou5f1_p2	12	-0.2855	-2.7672	0.0002193	0.0090909	0.0056536	0.24553
Pias2_p1	12	0.052984	0.77007	0.28947	0.77341	0.44126	1
Junb_p1	12	0.07448	1.2119	0.16294	0.69116	0.22554	1
Plagl1_p2	12	-0.031134	-0.47197	0.55636	0.93945	0.63695	1
Rest_p2	12	0.016327	0.16316	0.71118	0.94834	0.87039	1
Zfp639_p2	12	0.015911	0.28399	0.71732	0.94834	0.77642	1
Zfp932_p1	5	0.01112	0.097193	0.86645	0.97676	0.92257	1
Hes1_p2	12	0.3104	2.423	0	0	0.015392	0.40106
Zfp639_p1	12	-0.023509	-0.28799	0.66338	0.94602	0.77335	1
Bcor_p1	12	0.056837	0.79758	0.26667	0.76937	0.42512	1
Gli2_p1	12	0.216	1.9093	0.00087719	0.027586	0.056221	0.84055
Zfp956_p1	12	-0.053033	-0.98799	0.32237	0.81708	0.32316	1
Elmsan1_p2	12	-0.0014556	-0.019986	0.98333	0.99116	0.98405	1
Zfp644_p3	12	-0.050083	-0.77996	0.35219	0.82711	0.43542	1
Kansl1_p2	12	0.073966	0.93458	0.16513	0.69573	0.35001	1
Zfp706_p1	12	0.018862	0.38615	0.67412	0.94834	0.69939	1
Pbx2_p2	12	0.089228	1.2279	0.10877	0.57674	0.21949	1
Blzf1_p1	12	0.033051	0.33153	0.4886	0.91125	0.74024	1
Mael_p1	12	-0.021965	-0.33181	0.68816	0.94834	0.74003	1
Fiz1_p1	12	0.05349	0.58309	0.2864	0.77341	0.55983	1
Nme2_p1	12	0.12414	1.3307	0.035746	0.33131	0.18327	1
Zfp105_p1	12	0.0062458	0.070867	0.86623	0.97676	0.9435	1
Etv5_p1	12	-0.13462	-1.5619	0.021711	0.23855	0.1183	1
Gata2_p1	12	0.0030222	0.050485	0.91162	0.98786	0.95974	1
Zfp984_p1	6	0.059389	0.6465	0.36864	0.84239	0.51796	1
Myrf_p1	12	-0.16631	-2.482	0.0092105	0.15273	0.013064	0.38432
Gabpa_p1	12	0.097673	1.4755	0.08136	0.51757	0.14007	1
Zfp532_p2	12	0.072082	1.057	0.1739	0.69573	0.29052	1
Srebf2_p2	12	-0.044979	-0.78098	0.4011	0.85336	0.43481	1
Otx2_p3	12	-0.17631	-1.5671	0.0065789	0.12	0.1171	1
Mlx_p1	12	0.10164	1.1657	0.071272	0.50388	0.24373	1
Cnbp_p1	12	-0.10409	-1.4347	0.063158	0.45714	0.15137	1
Arid1a_p1	12	-0.17722	-2.6977	0.0063596	0.11837	0.0069812	0.26192
Khsrp_p1	12	-0.012842	-0.20576	0.83333	0.97676	0.83698	1
Litaf_p1	12	-0.0090778	-0.11742	0.89364	0.98099	0.90653	1
Hmgb1_p1	12	0.018106	0.24506	0.68728	0.94834	0.80641	1
Tmf1_p1	12	0.011673	0.1581	0.78092	0.96231	0.87438	1
Rxrb_p1	12	0.051917	0.59303	0.29846	0.77943	0.55316	1
Irf6_p1	12	0.025994	0.3344	0.57478	0.94143	0.73808	1
Zfp954_p1	12	0.046258	0.5593	0.34583	0.82711	0.57596	1
Zfp280b_p1	12	0.064497	1.003	0.21667	0.70824	0.31584	1
Crxos_p1	12	-0.015928	-0.24221	0.78311	0.96231	0.80862	1
Ubtf_p2	12	0.021405	0.3238	0.63465	0.94537	0.74609	1
Zfp748_p2	12	0.021319	0.38704	0.63662	0.94537	0.69872	1
Hmgb1_p3	12	-0.086928	-0.89036	0.10658	0.57176	0.37327	1
Zbtb41_p1	12	-0.025606	-0.33907	0.63575	0.94537	0.73456	1
Klf13_p2	12	-0.072264	-1.1715	0.17807	0.69573	0.24138	1
Gm14443_p1	10	0.071376	0.72775	0.21162	0.70824	0.46676	1
Zfp12_p2	12	0.032376	0.35615	0.49364	0.9129	0.72173	1
Gbx2_p1	12	0.06294	1.11	0.22741	0.71834	0.26699	1
Mier2_p2	12	-0.02491	-0.29995	0.64539	0.94537	0.76421	1
Litaf_p2	12	-0.094608	-0.94789	0.084649	0.51812	0.34319	1
Nfrkb_p1	12	-0.59586	-4.6906	0	0	2.7237e-06	0.0003105
Pbrm1_p1	12	-0.0269	-0.32138	0.61842	0.94537	0.74792	1
Mid2_p1	12	-0.0097601	-0.13335	0.88092	0.98099	0.89392	1
Tcf12_p1	12	0.10032	1.4824	0.073904	0.5145	0.13823	1
Gata2_p2	12	-0.070337	-0.99664	0.19254	0.70824	0.31894	1
E2f3_p1	12	0.067739	0.69005	0.19496	0.70824	0.49016	1
Pbx2_p1	12	-0.0090235	-0.13149	0.89386	0.98099	0.89539	1
Mitf_p3	12	-0.033161	-0.32764	0.53026	0.93	0.74318	1
Aebp2_p2	12	-0.058616	-1.0696	0.28004	0.77341	0.28479	1
Zfp944_p1	5	0.027635	0.28713	0.68706	0.94834	0.77401	1
Patz1_p2	12	0.045309	0.51084	0.35285	0.82711	0.60947	1
Zfp184_p2	12	0.028368	0.34817	0.54583	0.93944	0.72772	1
Smarcc1_p2	12	-0.19063	-1.3283	0.0035088	0.07619	0.18408	1
Stat3_p1	12	-0.087459	-0.62679	0.1057	0.57041	0.53079	1
Patz1_p1	12	-0.043609	-0.6194	0.41491	0.8659	0.53565	1
Cebpg_p1	12	0.21151	2.3868	0.00087719	0.027586	0.016994	0.43052
Thap1_p2	12	-0.04389	-0.51373	0.41272	0.86529	0.60744	1
Hmgb1_p4	12	0.0021287	0.025074	0.92478	0.98786	0.98	1
Zfp771_p1	12	-0.049595	-0.75571	0.3568	0.82799	0.44983	1
Lrrfip2_p2	12	0.016885	0.30106	0.70592	0.94834	0.76337	1
Foxp1_p2	12	0.014228	0.2023	0.74408	0.95495	0.83968	1
Zfp930_p1	12	0.0026219	0.044312	0.91601	0.98786	0.96466	1
Ubtf_p3	12	0.046349	0.52617	0.34561	0.82711	0.59877	1
Srf_p1	12	-0.023697	-0.27033	0.66031	0.94537	0.78691	1
Klf11_p2	12	-0.017813	-0.2019	0.75461	0.95495	0.84	1
Zbtb2_p1	12	-0.023416	-0.35087	0.66491	0.94602	0.72569	1
Sox13_p1	12	-0.0095178	-0.11787	0.88575	0.98099	0.90617	1
Etv4_p2	12	0.0052116	0.071283	0.88224	0.98099	0.94317	1
Rara_p2	12	-0.011847	-0.12757	0.84912	0.97676	0.89849	1
Mta2_p1	12	0.0066647	0.099036	0.8568	0.97676	0.92111	1
Atf3_p1	12	0.0082907	0.13105	0.82961	0.97676	0.89574	1
Nfyb_p1	12	-0.014202	-0.29217	0.81272	0.97398	0.77015	1
Foxa2_p1	12	0.048935	0.62823	0.32434	0.81708	0.52985	1
Rbak_p1	12	0.012991	0.19927	0.76118	0.95495	0.84205	1
Hsf2_p1	12	-0.030744	-0.41151	0.56075	0.93945	0.6807	1
Zfp369_p1	12	-0.053287	-0.73253	0.32083	0.81708	0.46384	1
Lrrfip1_p1	12	0.03771	0.51388	0.43092	0.88143	0.60734	1
Kmt2c_p1	12	0.065285	0.8427	0.21162	0.70824	0.3994	1
E4f1_p1	12	-0.081728	-0.93981	0.12566	0.62623	0.34732	1
Bcorl1_p2	12	-0.081544	-1.1829	0.12654	0.62717	0.23685	1
Csde1_p1	12	0.19779	2.0913	0.0019737	0.05	0.0365	0.67934
Carhsp1_p1	12	0.015141	0.26333	0.72719	0.94878	0.7923	1
Cdx4_p1	12	-0.097048	-1.3633	0.079167	0.51757	0.17277	1
Tfam_p2	12	-0.12973	-1.4641	0.026535	0.26022	0.14318	1
Nr0b1_p1	12	-0.073075	-0.85924	0.17171	0.69573	0.39021	1
Pitx2_p2	12	0.020211	0.19335	0.65329	0.94537	0.84669	1
Preb_p2	12	0.045622	0.70919	0.35022	0.82711	0.4782	1
Crebzf_p2	12	0.00086982	0.0096587	0.94452	0.9895	0.99229	1
Maff_p3	12	-0.053735	-0.85377	0.31711	0.81236	0.39323	1
Zscan25_p1	12	0.021637	0.22654	0.62982	0.94537	0.82078	1
Zfp65_p1	12	-0.057264	-0.61304	0.29013	0.77341	0.53985	1
Zfp263_p2	12	-0.0088046	-0.12047	0.89737	0.98247	0.90411	1
Mxi1_p2	12	-0.012779	-0.15055	0.83487	0.97676	0.88033	1
Lyar_p1	12	-0.064773	-0.97831	0.23311	0.73058	0.32792	1
Zfp644_p2	12	0.03831	0.4758	0.42478	0.87738	0.63422	1
Wdhd1_p1	12	-0.034842	-0.35931	0.5114	0.92174	0.71936	1
Atf2_p1	12	-0.028323	-0.33961	0.59825	0.94537	0.73415	1
Six1_p1	12	0.057939	0.74722	0.26096	0.76282	0.45493	1
Zmat3_p2	12	0.049008	0.87135	0.32346	0.81708	0.38356	1
Platr25_p4	12	0.047966	0.61053	0.33289	0.82711	0.54151	1
Nfkb2_p2	12	-0.025439	-0.40416	0.63772	0.94537	0.68609	1
E2f2_p1	12	-0.020912	-0.43388	0.70592	0.94834	0.66438	1
Smad2_p1	12	0.04695	0.56052	0.34013	0.82711	0.57512	1
Pura_p1	12	-0.024184	-0.4088	0.65504	0.94537	0.68269	1
Zfp449_p1	12	0.025559	0.2981	0.57917	0.94153	0.76563	1
Hmga1_p1	12	0.13267	1.1826	0.025658	0.26022	0.23697	1
Arid2_p1	12	0.040452	0.78463	0.40285	0.85336	0.43267	1
Tead4_p1	12	0.11798	1.4968	0.042105	0.34386	0.13444	1
Hes6_p1	12	-0.038715	-0.52175	0.46667	0.89937	0.60185	1
Stat3_p2	12	0.032173	0.40858	0.49496	0.9129	0.68285	1
Zbtb43_p1	12	0.0068092	0.10718	0.85395	0.97676	0.91464	1
Nanog_p1	12	-0.026442	-0.27214	0.62303	0.94537	0.78551	1
Zfp574_p1	12	0.00041392	0.0057716	0.95241	0.9895	0.99539	1
Id2_p2	12	0.14994	1.689	0.013596	0.17222	0.091216	1
Nr3c1_p2	12	-0.04062	-0.59147	0.44539	0.89154	0.55421	1
Nkrf_p1	12	0.15383	1.7052	0.012719	0.17222	0.088158	1
Zbtb8a_p1	12	0.042097	0.65499	0.38531	0.85336	0.51248	1
Zfp553_p1	12	-0.014124	-0.19853	0.81447	0.9748	0.84263	1
Mier3_p5	12	0.031513	0.33403	0.50263	0.91497	0.73836	1
Irf1_p1	12	0.0082433	0.15379	0.8307	0.97676	0.87777	1
Lrrfip1_p2	12	-0.030242	-0.55032	0.56886	0.94143	0.5821	1
Zfp938_p1	12	0.026267	0.39086	0.57127	0.94143	0.6959	1
Thap12_p1	12	0.12241	1.2498	0.0375	0.342	0.21139	1
Foxp4_p1	12	0.071131	1.1692	0.17829	0.69573	0.24232	1
Zbtb33_p1	12	-0.019525	-0.24665	0.72719	0.94878	0.80518	1
Zfp91_p1	12	-0.019046	-0.24422	0.73465	0.9547	0.80706	1
E2f5_p1	12	0.041591	0.64602	0.38969	0.85336	0.51826	1
Cenpt_p2	12	-0.022338	-0.26185	0.68224	0.94834	0.79344	1
Klf9_p1	12	-0.013438	-0.17624	0.8239	0.97676	0.86011	1
Hesx1_p2	12	0.065914	0.9484	0.20855	0.70824	0.34293	1
Zfp334_p1	12	-0.024787	-0.36047	0.64715	0.94537	0.71849	1
Tsix_p2	12	1.0628	2.6084	0	0	0.0090956	0.28604
Nr4a1_p2	12	0.020377	0.21956	0.65066	0.94537	0.82622	1
Gata1_p1	12	-0.056945	-0.69024	0.29298	0.77341	0.49004	1
Hopx_p1	12	0.018846	0.22517	0.67412	0.94834	0.82185	1
E2f8_p2	12	-0.14648	-1.7704	0.014693	0.17867	0.076655	0.99871
Map3k15_p1	12	-0.0034764	-0.038537	0.98311	0.99116	0.96926	1
Nr3c1_p1	12	0.014749	0.16504	0.73487	0.9547	0.86891	1
Arid3a_p2	12	-0.013319	-0.17544	0.82675	0.97676	0.86073	1
Sox4_p1	12	0.052436	0.49546	0.29342	0.77341	0.62027	1
Bbx_p2	12	-0.029807	-0.47673	0.57654	0.94143	0.63355	1
Maz_p1	12	0.023231	0.34726	0.61075	0.94537	0.72839	1
Foxk2_p1	12	-0.0663	-0.96045	0.21798	0.71	0.33683	1
Arid4b_p2	12	-0.017157	-0.2072	0.76382	0.95556	0.83585	1
Baz2b_p2	12	0.023833	0.30769	0.60263	0.94537	0.75831	1
Baz2b_p1	12	0.096459	0.99652	0.083991	0.51757	0.319	1
Mbd3_p1	12	-0.16324	-2.3702	0.0098684	0.15738	0.017778	0.43821
Zfp131_p1	12	0.040826	0.29797	0.39912	0.85336	0.76573	1
Gabpb2_p1	12	0.18972	1.8237	0.0028509	0.065	0.068198	0.92831
Arid4a_p2	12	0.018362	0.19674	0.68289	0.94834	0.84403	1
Hopx_p2	12	-0.047049	-0.62576	0.38202	0.85336	0.53147	1
Id2_p1	12	-0.062545	-0.67163	0.25175	0.75279	0.50182	1
Sp1_p3	12	-0.1332	-1.7348	0.023026	0.24368	0.082773	1
Tead2_p1	12	0.0082168	0.11793	0.83114	0.97676	0.90612	1
Myc_p1	12	0.16114	2.6165	0.010307	0.15738	0.0088828	0.28604
Rlf_p1	12	0.1163	1.4421	0.044518	0.35304	0.14927	1
Zbtb6_p2	12	-0.0045367	-0.10283	0.96491	0.9895	0.9181	1
Zfp27_p1	12	0.041269	0.46092	0.39408	0.85336	0.64486	1
Lin28a_p1	12	0.044332	1.0768	0.3636	0.83879	0.28156	1
Zfp646_p2	12	-0.050952	-0.82221	0.34408	0.82711	0.41096	1
Zfp871_p2	12	-0.029127	-0.34609	0.58618	0.94537	0.72927	1
Rbck1_p1	12	0.065824	0.60931	0.20877	0.70824	0.54232	1
Nfatc4_p3	12	0.029914	0.2897	0.52434	0.92854	0.77205	1
Zfp516_p4	12	0.048855	0.62896	0.32522	0.81708	0.52938	1
Gatad1_p1	12	0.028641	0.5785	0.54145	0.93944	0.56293	1
Tet2_p2	12	-0.071257	-0.79822	0.1864	0.70824	0.42474	1
Smad5_p1	12	-0.051183	-0.61661	0.34211	0.82711	0.53749	1
Relb_p1	12	0.028239	0.27621	0.54715	0.93944	0.78239	1
Jund_p1	12	-0.034659	-0.50617	0.51382	0.92188	0.61273	1
Zmat3_p1	12	0.066412	1.1354	0.20614	0.70824	0.25619	1
Tfe3_p2	12	-0.045732	-0.57054	0.39386	0.85336	0.56831	1
Zfp493_p1	12	-0.012652	-0.20488	0.83618	0.97676	0.83766	1
Grhl3_p1	12	0.1359	2.0792	0.023246	0.24368	0.037597	0.68101
Gm45871_p1	12	-0.001018	-0.014946	0.97719	0.99116	0.98808	1
Atf4_p1	12	0.030332	0.30109	0.51754	0.92188	0.76335	1
Trp73_p1	12	-0.018095	-0.23371	0.75022	0.95495	0.81521	1
Zkscan6_p1	12	0.013866	0.21861	0.74846	0.95495	0.82695	1
Gm14403_p1	6	-0.074391	-0.65476	0.29342	0.77341	0.51262	1
Gm35315_p1	12	0.051739	0.58779	0.29912	0.77943	0.55667	1
Rxra_p1	12	0.03608	0.72241	0.45044	0.89154	0.47004	1
Rara_p1	12	-0.00015968	-0.0023347	0.96316	0.9895	0.99814	1
Brd4_p1	12	-0.14841	-2.6884	0.014254	0.17808	0.0071798	0.26192
Smarce1_p2	12	-0.13033	-1.702	0.026535	0.26022	0.08876	1
Pou3f1_p1	12	-0.03966	-0.57723	0.4568	0.89677	0.56379	1
Epas1_p1	12	-0.17551	-2.2503	0.0067982	0.12157	0.024427	0.55693
Mier3_p2	12	0.045236	0.71011	0.35285	0.82711	0.47764	1
Zfp36l2_p1	12	0.096888	1.2073	0.083333	0.51757	0.2273	1
Zfp59_p1	12	0.046313	0.62007	0.34561	0.82711	0.53521	1
Zfp760_p1	12	0.0029468	0.033851	0.9125	0.98786	0.973	1
Mynn_p2	12	0.0297	0.331	0.52829	0.93	0.74065	1
Usf2_p2	12	0.00728	0.13666	0.84671	0.97676	0.8913	1
Zfp367_p1	12	0.038514	0.54837	0.42215	0.875	0.58344	1
Smad2_p2	12	-0.011672	-0.16754	0.85219	0.97676	0.86694	1
Ripply1_p1	12	-0.064954	-0.81694	0.23158	0.72828	0.41397	1
Mynn_p1	12	0.02921	0.58838	0.53465	0.9341	0.55628	1
Gtf3a_p1	12	0.052938	0.67359	0.28969	0.77341	0.50057	1
T_p2	12	-0.066537	-0.99521	0.21667	0.70824	0.31964	1
Klf8_p1	12	0.027547	0.3575	0.5557	0.93945	0.72072	1
Rcor1_p1	12	-0.0088683	-0.092037	0.89627	0.98245	0.92667	1
Etv6_p1	12	0.017198	0.18607	0.70132	0.94834	0.85239	1
Parp12_p1	12	0.025966	0.24412	0.575	0.94143	0.80714	1
Rbpj_p2	12	-0.35358	-4.1952	0.0002193	0.0090909	2.7258e-05	0.0027621
Xbp1_p2	12	0.015665	0.23332	0.71996	0.94834	0.81551	1
Gm9785_p1	12	-0.031187	-0.38846	0.55592	0.93945	0.69767	1
Zfp37_p3	12	0.008933	0.10736	0.81754	0.97592	0.91451	1
Jdp2_p1	12	-0.0016888	-0.019531	0.98706	0.99229	0.98442	1
Adnp_p1	12	-0.38131	-3.2749	0.0002193	0.0090909	0.0010569	0.074146
Zfp692_p1	12	-0.018963	-0.35612	0.73596	0.95477	0.72175	1
Tfe3_p1	12	-0.013148	-0.16	0.82829	0.97676	0.87288	1
Zfp408_p1	12	0.0044885	0.053061	0.89167	0.98099	0.95768	1
Rxra_p2	12	0.012562	0.14701	0.76776	0.95656	0.88313	1
Bach1_p1	12	0.036077	0.66561	0.45044	0.89154	0.50566	1
Spic_p2	12	0.0030469	0.044389	0.91162	0.98786	0.96459	1
Jarid2_p3	12	-0.065515	-1.1462	0.22632	0.71834	0.25172	1
Trp53_p1	12	0.14122	2.0102	0.017982	0.20759	0.044405	0.74995
Zbtb32_p2	12	0.016388	0.17529	0.71075	0.94834	0.86085	1
5430403G16Rik_p1	12	-0.011189	-0.16099	0.85899	0.97676	0.8721	1
Zfp386_p1	12	0.025712	0.25708	0.57807	0.94143	0.79712	1
Hmgxb3_p1	12	-0.05779	-0.91399	0.28618	0.77341	0.36072	1
Zfp7_p1	12	-0.027679	-0.29507	0.60855	0.94537	0.76794	1
Tcfl5_p1	12	0.07592	1.1733	0.1568	0.68421	0.24068	1
Nr6a1_p1	12	-0.00040579	-0.0060717	0.9682	0.9895	0.99516	1
Csrnp2_p1	12	0.052548	0.4607	0.29232	0.77341	0.64501	1
Zmiz2_p1	12	-0.088286	-1.5432	0.10307	0.56667	0.12278	1
Zfp281_p1	12	0.21773	1.8851	0.00087719	0.027586	0.05941	0.86694
Stag2_p3	12	0.19514	1.945	0.0024123	0.057895	0.051769	0.81669
Nr3c1_p5	12	0.083034	1.2809	0.13224	0.63895	0.20024	1
Gm20939_p1	11	0.052833	0.85603	0.30329	0.7858	0.39198	1
Zfp977_p1	10	-0.056436	-0.76447	0.32522	0.81708	0.44459	1
Foxp1_p4	12	-0.0043439	-0.059921	0.9682	0.9895	0.95222	1
Nr6a1_p3	12	-0.028415	-0.38988	0.59737	0.94537	0.69663	1
Zfp719_p1	12	-0.022703	-0.31535	0.67785	0.94834	0.7525	1
Zfp819_p1	12	-0.0056242	-0.061724	0.94737	0.9895	0.95078	1
Foxi3_p1	12	0.065822	1.307	0.20877	0.70824	0.19121	1
Klf6_p1	12	-0.08384	-0.84764	0.11711	0.59665	0.39664	1
Tfeb_p4	12	-0.045639	-0.57275	0.39561	0.85336	0.56681	1
Nfatc4_p1	12	0.12051	1.2861	0.038816	0.34369	0.19839	1
Hnrnpk_p1	12	0.2171	2.0465	0.00087719	0.027586	0.040711	0.70054
Pias1_p2	12	0.01043	0.099909	0.79956	0.96689	0.92042	1
Srebf1_p3	12	0.048398	0.59619	0.32917	0.82022	0.55105	1
T_p1	12	0.0078501	0.14668	0.83662	0.97676	0.88338	1
Ftx_p2	12	-0.2674	-2.6178	0.0004386	0.016667	0.0088508	0.28604
Zfp617_p2	12	0.019824	0.20266	0.65965	0.94537	0.8394	1
Tgif2_p2	12	0.011747	0.15444	0.77961	0.96211	0.87726	1
Zfp747_p1	12	0.074662	0.86219	0.16272	0.69116	0.38858	1
Ybx3_p1	12	0.12381	1.5206	0.035965	0.33131	0.12835	1
Myef2_p1	12	-0.095224	-1.5321	0.083553	0.51757	0.1255	1
Zfp266_p1	12	-0.071143	-0.78879	0.1875	0.70824	0.43023	1
Maf1_p1	12	0.02854	0.31184	0.54276	0.93944	0.75516	1
Crebrf_p1	12	-0.0099128	-0.12672	0.87895	0.98099	0.89916	1
Zbtb45_p1	12	0.057423	0.7394	0.26294	0.76613	0.45966	1
Klf10_p2	12	-0.033702	-0.4277	0.52434	0.92854	0.66887	1
Brd4_p2	12	-0.010207	-0.13298	0.87368	0.98007	0.89421	1
Zfp217_p3	12	-0.07275	-0.62385	0.17412	0.69573	0.53273	1
Zfp472_p1	12	-0.039789	-0.5004	0.4557	0.89677	0.61679	1
Vezf1_p1	12	0.0023155	0.045858	0.92127	0.98786	0.96342	1
Arid1a_p2	12	0.0020837	0.020884	0.92544	0.98786	0.98334	1
Zfp236_p2	12	0.15772	1.4236	0.010965	0.16129	0.15456	1
Tsc22d1_p1	12	-0.032265	-0.41829	0.54254	0.93944	0.67574	1
Olig2_p1	12	-0.022381	-0.29717	0.68158	0.94834	0.76633	1
Jun_p1	12	0.054203	0.61206	0.28114	0.77341	0.5405	1
Aff1_p1	12	0.009368	0.12986	0.81228	0.97398	0.89668	1
Paxbp1_p1	12	0.078303	1.1781	0.15	0.67941	0.23876	1
Zfp42_p1	12	0.273	2.4473	0.0002193	0.0090909	0.014393	0.39777
Zfp874b_p1	12	0.02383	0.29941	0.60263	0.94537	0.76463	1
Zfp985_p1	8	-0.12872	-1.3304	0.063158	0.45714	0.1834	1
Gmeb2_p2	12	-0.0021867	-0.024456	0.99496	0.99605	0.98049	1
Cbfb_p1	12	-0.014232	-0.25296	0.8125	0.97398	0.8003	1
Zfp971_p1	12	-0.040317	-0.62588	0.44912	0.89154	0.5314	1
Lcor_p1	12	0.018511	0.24612	0.67982	0.94834	0.80559	1
Bclaf1_p1	12	0.092374	0.90094	0.098465	0.55776	0.36762	1
Lbr_p1	12	-0.2142	-2.7289	0.0013158	0.03871	0.0063542	0.25196
Nr2c2_p1	12	0.011981	0.19305	0.77566	0.96114	0.84692	1
E2f3_p2	12	0.1314	1.7961	0.026535	0.26022	0.072474	0.95792
Kansl1_p1	12	-0.028273	-0.3697	0.6	0.94537	0.71161	1
Zfp62_p1	12	-0.024311	-0.38746	0.65373	0.94537	0.69842	1
Zfp219_p2	12	-0.004808	-0.066665	0.96075	0.9895	0.94685	1
Klf2_p1	12	0.11442	1.3364	0.047588	0.3678	0.18143	1
Tcf3_p1	12	0.014187	0.29853	0.7443	0.95495	0.7653	1
Rxrb_p2	12	0.081098	0.84084	0.13816	0.64286	0.40044	1
Zfp512_p1	12	-0.00065156	-0.0082133	0.97259	0.98952	0.99345	1
Zfp37_p2	12	0.023283	0.30798	0.60987	0.94537	0.7581	1
Cenpt_p1	12	-0.020721	-0.22979	0.70921	0.94834	0.81825	1
Zfp267_p1	12	0.058486	0.64287	0.25702	0.75613	0.52031	1
Hmgb1_p2	12	-0.048721	-0.63492	0.36513	0.83879	0.52548	1
Zfp296_p2	12	-0.07018	-0.86186	0.19364	0.70824	0.38876	1
Creb3_p1	12	0.022154	0.24562	0.62346	0.94537	0.80598	1
Hbp1_p2	12	0.046819	0.79652	0.34232	0.82711	0.42573	1
Snapc4_p1	12	-0.097831	-1.1923	0.077193	0.51757	0.23316	1
Rcor2_p3	12	-0.060664	-0.75261	0.26535	0.76937	0.45169	1
Zfp57_p1	12	0.033387	0.39035	0.48333	0.90984	0.69628	1
Maff_p2	12	0.0063101	0.076143	0.86447	0.97676	0.93931	1
Arid3a_p1	12	0.040416	0.55723	0.40285	0.85336	0.57737	1
Gpbp1l1_p1	12	0.12819	1.3793	0.03114	0.29895	0.16782	1
Nr2c2_p2	12	-0.048764	-0.65263	0.36447	0.83879	0.514	1
Gm15446_p1	8	-0.017335	-0.14262	0.78925	0.96405	0.88659	1
Id3_p1	12	0.0055914	0.082961	0.87566	0.98099	0.93388	1
Cbfb_p2	12	0.065195	0.79315	0.21162	0.70824	0.42769	1
Zfp84_p1	12	-0.086567	-0.86217	0.10746	0.5731	0.3886	1
Zbtb41_p2	12	0.015595	0.16852	0.72061	0.94834	0.86618	1
Stat6_p2	12	0.071709	0.92333	0.1761	0.69573	0.35583	1
Hnrnpu_p2	12	-0.034513	-0.3138	0.51491	0.92188	0.75367	1
Sp2_p2	12	-0.037078	-0.40019	0.48443	0.90984	0.68902	1
Zfp37_p1	12	0.028049	0.26435	0.55022	0.93944	0.79151	1
Klf16_p1	12	0.20119	2.0967	0.0019737	0.05	0.036021	0.67934
Arid5b_p2	12	0.11839	1.0409	0.041228	0.34386	0.29792	1
Gata1_p3	12	0.0059679	0.068953	0.87061	0.97833	0.94503	1
Gabpb1_p1	12	0.15541	2.2278	0.012061	0.16923	0.025892	0.56861
Zfp322a_p1	12	0.03559	0.45305	0.45724	0.89677	0.65052	1
Zfp770_p1	12	-0.044649	-0.60624	0.40329	0.85336	0.54436	1
Zfp74_p2	12	-0.010925	-0.13375	0.86206	0.97676	0.8936	1
Zfp512b_p1	12	0.0062267	0.078649	0.86645	0.97676	0.93731	1
Pou2f1_p1	12	-0.14639	-1.7496	0.014693	0.17867	0.080179	1
Zfp184_p1	12	-0.02979	-0.4829	0.57675	0.94143	0.62917	1
Hnrnpk_p3	12	0.082061	0.89983	0.13531	0.64	0.36821	1
Pias1_p1	12	-0.18701	-2.5408	0.004386	0.093023	0.011059	0.33618
5730507C01Rik_p1	12	-0.021739	-0.34498	0.69232	0.94834	0.73011	1
Rlim_p1	12	-0.57296	-5.0612	0	0	4.1664e-07	6.5022e-05
Mixl1_p1	12	0.059369	0.8169	0.2511	0.75279	0.41399	1
Zfp36l1_p1	12	0.17568	2.2099	0.0070175	0.12308	0.027113	0.57505
Zfp622_p1	12	0.039688	0.53208	0.40855	0.85853	0.59467	1
Mier3_p3	12	0.00035341	0.0047639	0.95504	0.9895	0.9962	1
Purb_p1	12	0.036581	0.45107	0.4443	0.89154	0.65194	1
Yy1_p1	12	-0.049816	-0.59116	0.35461	0.82711	0.55441	1
Zfp981_p1	10	-0.0006188	-0.0089457	0.99057	0.99384	0.99286	1
Pitx2_p3	12	-0.027227	-0.48676	0.61316	0.94537	0.62643	1
Zfp771_p2	12	-0.092703	-1.6197	0.089474	0.53117	0.1053	1
Mta3_p1	12	0.028192	0.36096	0.54825	0.93944	0.71813	1
Sall1_p1	12	-0.020823	-0.22299	0.70702	0.94834	0.82354	1
Mta1_p1	12	0.0077171	0.12448	0.83925	0.97676	0.90094	1
Stat6_p4	12	0.033397	0.34171	0.48311	0.90984	0.73257	1
Zfp687_p1	12	0.071729	0.93466	0.1761	0.69573	0.34996	1
Ascl2_p2	12	0.14236	1.9436	0.017544	0.20513	0.051939	0.81669
Klf10_p1	12	-0.044427	-0.62787	0.40636	0.85787	0.53009	1
Nfatc4_p4	12	0.024354	0.23989	0.59539	0.94537	0.81042	1
Six1_p3	12	-0.045507	-0.53351	0.39781	0.85336	0.59368	1
Thap7_p1	12	-0.0012646	-0.024525	0.98158	0.99116	0.98043	1
Arid3b_p1	12	-0.040347	-0.51188	0.44825	0.89154	0.60873	1
Tfeb_p3	12	0.027974	0.31747	0.55088	0.93944	0.75088	1
Arid5b_p1	12	-0.072817	-0.92931	0.17368	0.69573	0.35273	1
Rarg_p3	12	-0.029062	-0.38478	0.58728	0.94537	0.7004	1
Mafk_p1	12	0.036069	0.58998	0.45066	0.89154	0.5552	1
Foxo4_p1	12	0.046766	0.506	0.34254	0.82711	0.61286	1
Zfp459_p1	12	0.012051	0.1682	0.775	0.96114	0.86643	1
Baz2b_p3	12	0.013606	0.13688	0.75219	0.95495	0.89113	1
Gatad1_p2	7	-0.051152	-0.54545	0.44934	0.89154	0.58544	1
Elf1_p1	12	0.11977	1.5582	0.039474	0.34386	0.11919	1
Ets2_p1	12	-0.0011134	-0.018774	0.97961	0.99116	0.98502	1
Tfeb_p2	12	-0.089447	-1.3853	0.098246	0.55776	0.16597	1
Hmgb3_p1	12	-0.0056531	-0.064449	0.94649	0.9895	0.94861	1
Zfp961_p1	12	0.081317	1.1322	0.13684	0.64	0.25756	1
Zfp568_p1	12	0.087712	1.0129	0.11513	0.59548	0.31111	1
Nr1h2_p2	12	-0.056987	-0.53148	0.29276	0.77341	0.59509	1
Zfp790_p1	12	0.051839	0.65283	0.29912	0.77943	0.51387	1
Stag2_p1	12	0.14021	1.8729	0.018421	0.21	0.061083	0.87043
Mxi1_p1	12	0.10908	1.7312	0.057018	0.43306	0.083414	1
Bcorl1_p1	12	0.013322	0.15886	0.75658	0.95495	0.87378	1
Sall4_p2	12	-0.021459	-0.32511	0.69978	0.94834	0.7451	1
Six4_p1	12	0.061242	1.0455	0.23882	0.73779	0.29578	1
Foxh1_p1	12	0.10702	1.1435	0.062061	0.45645	0.25285	1
Zzz3_p2	12	-0.028355	-0.32458	0.59781	0.94537	0.7455	1
Zfp65_p2	12	0.026449	0.25839	0.56886	0.94143	0.79611	1
Stat6_p3	12	0.026925	0.45719	0.56404	0.94143	0.64753	1
Ybx1_p2	12	0.06177	0.51071	0.23531	0.73493	0.60955	1
Nr2f6_p1	12	0.070521	1.0679	0.18026	0.69957	0.28555	1
Mier1_p2	12	0.013507	0.14468	0.75351	0.95495	0.88497	1
4930522L14Rik_p1	12	-0.020337	-0.34576	0.71447	0.94834	0.72952	1
Mef2b_p1	12	0.070996	1.1227	0.17851	0.69573	0.26157	1
Setdb2_p1	12	0.030972	0.29511	0.51031	0.92158	0.76791	1
Lin28b_p2	12	0.016884	0.25962	0.70592	0.94834	0.79515	1
Usf2_p3	12	-0.029852	-0.43156	0.5761	0.94143	0.66606	1
Pms1_p1	12	0.097292	1.2654	0.082018	0.51757	0.20574	1
E2f8_p1	12	-0.11642	-1.2794	0.041009	0.34386	0.20074	1
Tfap2c_p2	12	0.01294	0.20021	0.76228	0.95495	0.84132	1
Zfp367_p2	12	-0.017022	-0.17851	0.76557	0.95644	0.85832	1
Mllt10_p2	12	-0.089375	-1.4151	0.098465	0.55776	0.15704	1
Spen_p1	12	-0.0005318	-0.0063417	0.97105	0.9895	0.99494	1
Pou5f1_p1	12	-0.92106	-5.6689	0	0	1.4369e-08	6.5523e-06
Zbtb21_p1	12	-0.063494	-0.82259	0.24189	0.73779	0.41074	1
Plagl1_p1	12	0.019985	0.24806	0.65592	0.94537	0.80409	1
Nfx1_p1	12	0.0018972	0.029882	0.92807	0.98786	0.97616	1
Hmgb1_p5	12	-0.09844	-1.2625	0.076316	0.51757	0.20676	1
Gm20422_p1	12	-0.088257	-1.606	0.10329	0.56667	0.10828	1
Zfx_p2	12	0.088058	1.0506	0.11425	0.59548	0.29345	1
Creb3_p2	12	0.023846	0.3196	0.60263	0.94537	0.74927	1
Zfp87_p1	12	0.041453	0.86555	0.39123	0.85336	0.38674	1
Zic5_p1	12	-0.071293	-1.0515	0.18596	0.70824	0.29301	1
Spic_p1	12	0.014504	0.16445	0.73969	0.95495	0.86938	1
Rarg_p2	12	-0.021004	-0.30054	0.7057	0.94834	0.76376	1
Zfp296_p1	12	-0.08998	-1.651	0.097149	0.55776	0.098731	1
Zfp26_p1	12	0.021428	0.23764	0.63443	0.94537	0.81216	1
Nfxl1_p1	12	0.013097	0.19273	0.75987	0.95495	0.84717	1
Zfp110_p1	12	-0.063864	-0.81918	0.24035	0.73779	0.41269	1
Srebf1_p1	12	0.048607	0.57217	0.32763	0.81863	0.56721	1
Cpeb1_p4	12	0.067312	0.81506	0.19825	0.70824	0.41504	1
Cpeb1_p1	12	-0.001608	-0.025637	0.98596	0.99229	0.97955	1
Zik1_p1	12	0.09805	0.81242	0.080263	0.51757	0.41655	1
Elf1_p2	12	0.068913	0.68957	0.1886	0.70824	0.49047	1
Repin1_p1	12	-0.012017	-0.16584	0.84649	0.97676	0.86828	1
Msl1_p1	12	0.053163	0.82502	0.28925	0.77341	0.40936	1
Mitf_p4	12	-0.019526	-0.21473	0.72719	0.94878	0.82998	1
Hmgb3_p3	12	0.078824	0.91669	0.14803	0.675	0.3593	1
Rbpj_p4	12	-0.19363	-1.8079	0.0026316	0.061538	0.07062	0.94714
Lin28b_p3	12	0.059513	0.9084	0.24978	0.75279	0.36367	1
Xert_p1	12	-0.17763	-2.1419	0.0063596	0.11837	0.032199	0.6248
Aire_p2	12	0.06549	0.77625	0.21075	0.70824	0.4376	1
Zfp13_p1	12	0.064613	0.62243	0.21557	0.70824	0.53366	1
Jarid2_p1	12	0.0045244	0.055251	0.89145	0.98099	0.95594	1
Zfp975_p1	12	0.0051476	0.086825	0.88311	0.98099	0.93081	1
Zfp644_p1	12	-0.012595	-0.18694	0.83794	0.97676	0.85171	1
Klf10_p3	12	-0.025655	-0.3028	0.63531	0.94537	0.76204	1
Gbx2_p2	12	0.067557	0.70302	0.19627	0.70824	0.48204	1
Tgif1_p1	12	0.039714	0.57716	0.40833	0.85853	0.56383	1
Mier3_p4	12	-0.068238	-1.053	0.20373	0.70824	0.29234	1
Wdhd1_p2	12	0.00037789	0.0035939	0.95461	0.9895	0.99713	1
Tgif2_p1	12	-0.015401	-0.15034	0.79232	0.96405	0.88049	1
Ybx1_p1	12	0.041674	0.48702	0.38772	0.85336	0.62624	1
Zfp212_p1	12	0.027408	0.4766	0.55746	0.93945	0.63364	1
Nfkb2_p1	12	-0.012864	-0.13872	0.83333	0.97676	0.88968	1
Zfp566_p1	12	0.019989	0.29476	0.65592	0.94537	0.76818	1
Smarcc1_p1	12	0.030299	0.44138	0.51754	0.92188	0.65894	1
Arid4b_p1	12	-0.022007	-0.32482	0.68772	0.94834	0.74532	1
Klf8_p2	12	-0.072271	-1.2359	0.17807	0.69573	0.21649	1
Zfp532_p3	12	0.014181	0.22821	0.7443	0.95495	0.81949	1
Zscan10_p1	12	-0.14359	-1.9964	0.016009	0.19211	0.045894	0.75045
Gtf2ird1_p1	12	0.081689	0.89521	0.1364	0.64	0.37068	1
Aff1_p2	12	-0.020446	-0.253	0.71338	0.94834	0.80027	1
Gm49359_p1	8	-0.0691	-0.98443	0.27917	0.77341	0.3249	1
Esx1_p2	12	0.067556	0.80232	0.19627	0.70824	0.42237	1
Zfp52_p1	12	0.0074407	0.083765	0.84364	0.97676	0.93324	1
Rhox9_p1	12	-0.068736	-0.92277	0.2011	0.70824	0.35613	1
Cc2d1a_p1	12	0.037266	0.72068	0.43618	0.88795	0.47111	1
Bhlhe40_p1	12	0.076055	1.1624	0.1557	0.68421	0.24508	1
Bcorl1_p3	12	0.083348	0.8223	0.13136	0.63895	0.4109	1
Sall2_p2	12	-0.096383	-1.1328	0.08114	0.51757	0.25731	1
Foxn3_p1	12	0.082897	0.99512	0.13289	0.63895	0.31968	1
Tsc22d1_p3	12	0.0071697	0.11253	0.84781	0.97676	0.91041	1
Sp3_p2	12	0.018464	0.21575	0.68026	0.94834	0.82918	1
Chd8_p1	12	-0.026887	-0.47268	0.61842	0.94537	0.63644	1
Tfeb_p1	12	-0.046351	-0.75092	0.38882	0.85336	0.4527	1
Kat8_p1	12	0.09005	1.0583	0.10439	0.56667	0.28992	1
Jpx_p1	12	-0.17782	-2.2234	0.0063596	0.11837	0.026186	0.56861
Foxn3_p3	12	0.021867	0.18915	0.62719	0.94537	0.84998	1
Arid4b_p3	12	0.034832	0.45999	0.46535	0.89937	0.64552	1
Kansl3_p1	12	-0.048315	-0.53035	0.36908	0.84239	0.59587	1
Zfp592_p1	12	-0.066818	-0.78022	0.21447	0.70824	0.43526	1
Ncor1_p1	12	-0.011781	-0.18029	0.85066	0.97676	0.85692	1
Pias2_p2	12	0.16183	2.1684	0.010307	0.15738	0.030128	0.59731
Zfp948_p1	12	0.028189	0.3015	0.54825	0.93944	0.76303	1
Zfp12_p1	12	-0.012464	-0.14535	0.84035	0.97676	0.88444	1
Zfp64_p1	12	0.043407	0.36214	0.37193	0.84356	0.71725	1
Zkscan5_p3	12	0.059324	0.85991	0.2511	0.75279	0.38984	1
Ubtf_p4	12	0.086436	1.1976	0.11952	0.60556	0.23106	1
Tcf12_p3	12	0.095938	1.0769	0.086184	0.524	0.28151	1
Nfatc4_p2	12	-0.029624	-0.27349	0.57807	0.94143	0.78448	1
Zfp213_p1	12	0.13345	1.6393	0.025658	0.26022	0.10116	1
Zfp710_p1	12	0.036736	0.47429	0.44232	0.89154	0.63529	1
Zfp623_p1	12	0.0002421	0.0036053	0.95636	0.9895	0.99712	1
Tfap2c_p1	12	0.0011742	0.020286	0.94101	0.9895	0.98382	1
Foxd3_p1	12	-0.33794	-3.1475	0.0002193	0.0090909	0.0016467	0.10012
Etv4_p1	12	0.04217	0.51539	0.38443	0.85336	0.60628	1
Zfp148_p2	12	0.066255	0.87616	0.2068	0.70824	0.38094	1
Nr4a1_p1	12	0.15009	1.4348	0.013596	0.17222	0.15134	1
Tfb1m_p1	12	0.067576	0.77088	0.19627	0.70824	0.44078	1
Kansl1_p3	12	-0.062943	-0.50389	0.24825	0.75279	0.61434	1
Zscan21_p1	12	0.075048	0.80854	0.16053	0.68732	0.41878	1
Zfp473_p2	12	-0.041033	-0.41511	0.44145	0.89154	0.67806	1
Gpbp1_p1	12	0.0089662	0.10291	0.81711	0.97592	0.91803	1
Zkscan5_p1	12	-0.06576	-0.79062	0.2239	0.71834	0.42917	1
Zfp866_p1	12	-0.068085	-0.86317	0.20526	0.70824	0.38804	1
Hmga2_p1	12	0.0071477	0.12039	0.84803	0.97676	0.90417	1
Zfp322a_p2	12	0.090298	0.75583	0.10373	0.56667	0.44975	1
Pias3_p2	12	0.0084445	0.13638	0.82741	0.97676	0.89152	1
Dnajc2_p1	12	-0.0045685	-0.076846	0.96404	0.9895	0.93875	1
Msl2_p2	12	-0.0062598	-0.096334	0.93838	0.9895	0.92326	1
Tet2_p1	12	0.0023475	0.023945	0.92061	0.98786	0.9809	1
Sp5_p1	12	0.020494	0.27482	0.64868	0.94537	0.78345	1
Foxo3_p1	12	0.056511	0.67724	0.26798	0.76937	0.49825	1
Tax1bp1_p1	12	-0.036171	-0.55328	0.49583	0.9129	0.58007	1
Zfp868_p1	12	0.030372	0.4616	0.51732	0.92188	0.64437	1
Foxp1_p3	12	-0.048086	-0.63021	0.37039	0.84239	0.52856	1
Pias3_p1	12	0.010745	0.12762	0.79364	0.96405	0.89845	1
Foxn3_p4	12	-0.058997	-0.62878	0.27763	0.77341	0.52949	1
Smad5_p2	12	0.10893	0.99499	0.057456	0.43306	0.31974	1
Nr3c1_p4	12	0.085808	1.1933	0.12193	0.61436	0.23277	1
Zfp516_p1	12	-0.0014009	-0.021784	0.98289	0.99116	0.98262	1
Esrrb_p2	12	-0.038682	-0.52181	0.46711	0.89937	0.6018	1
Tada2b_p1	12	-0.036463	-0.43077	0.49211	0.9129	0.66664	1
Hesx1_p1	12	0.0052973	0.065211	0.88092	0.98099	0.94801	1
Zfp758_p1	12	0.01527	0.16194	0.72588	0.94878	0.87135	1
Mycn_p1	12	0.016147	0.29218	0.71382	0.94834	0.77015	1
Zfp568_p2	12	0.0038381	0.044373	0.90044	0.98465	0.96461	1
Ssrp1_p1	12	-0.20796	-1.6134	0.0017544	0.048485	0.10665	1
Zfp646_p1	12	0.020231	0.24671	0.65241	0.94537	0.80513	1
Son_p1	12	0.16021	1.5439	0.010526	0.15738	0.12262	1
Bbx_p1	12	-0.035744	-0.38267	0.50044	0.914	0.70196	1
Tgif1_p3	12	-0.015528	-0.21617	0.78969	0.96405	0.82885	1
Sohlh2_p1	12	-0.016508	-0.21165	0.77478	0.96114	0.83238	1
Mta2_p2	12	-0.00075228	-0.015367	0.97325	0.98952	0.98774	1
Thyn1_p2	12	-0.042143	-0.54947	0.43136	0.88143	0.58268	1
Zbtb7b_p2	12	0.001487	0.017783	0.93553	0.9895	0.98581	1
Zgpat_p2	12	0.0068319	0.08893	0.85373	0.97676	0.92914	1
Zscan26_p1	12	-0.0099081	-0.12021	0.87895	0.98099	0.90431	1
Tfam_p3	12	0.031268	0.2663	0.50636	0.91809	0.79	1
Gabpb1_p2	12	0.053841	0.77364	0.28487	0.77341	0.43915	1
Tbx3_p1	12	0.082792	0.95063	0.13311	0.63895	0.34179	1
Sp1_p2	12	-0.21021	-2.194	0.0013158	0.03871	0.028238	0.58531
Zgpat_p1	12	-0.026497	-0.30379	0.62303	0.94537	0.76129	1
Mbd4_p1	12	0.017023	0.16108	0.70351	0.94834	0.87203	1
Nr1h2_p1	12	0.019867	0.22258	0.65855	0.94537	0.82386	1
Aebp2_p3	12	-0.027715	-0.26368	0.60789	0.94537	0.79203	1
Tax1bp1_p2	12	0.013923	0.19549	0.74693	0.95495	0.84501	1
Zfp516_p3	12	-0.011342	-0.16481	0.85724	0.97676	0.86909	1
Gm2381_p1	8	-0.029224	-0.29049	0.64781	0.94537	0.77144	1
Gata1_p2	12	-0.026151	-0.30094	0.62895	0.94537	0.76346	1
Zfp511_p1	12	-0.06352	-0.89874	0.24189	0.73779	0.36879	1
Zfp207_p1	12	-0.23238	-2.4597	0.00087719	0.027586	0.013906	0.39633
Zfp217_p2	12	-0.0042015	-0.059947	0.97039	0.9895	0.9522	1
Arid4a_p1	12	-0.10525	-2.172	0.060746	0.45041	0.029854	0.59731
Zfp869_p1	12	-0.083922	-0.96006	0.11689	0.59665	0.33703	1
Nfe2l1_p2	12	-0.010906	-0.11959	0.86206	0.97676	0.90481	1
Tcf7_p1	12	-0.05173	-0.88718	0.33596	0.82711	0.37498	1
Zfp953_p1	12	-0.011864	-0.15403	0.84846	0.97676	0.87759	1
Hes1_p1	12	0.054229	0.44234	0.28092	0.77341	0.65824	1
Terf2_p1	12	0.042244	0.60764	0.38377	0.85336	0.54343	1
Rfx2_p1	12	0.052063	0.56048	0.29693	0.77943	0.57515	1
Mysm1_p1	12	-0.051159	-0.75201	0.34211	0.82711	0.45204	1
Zfp141_p1	12	-0.066894	-0.71482	0.21404	0.70824	0.47472	1
Mllt10_p1	12	0.012962	0.17121	0.76206	0.95495	0.86406	1
Thap11_p1	12	-0.073195	-1.166	0.17127	0.69573	0.2436	1
Gm44973_p1	12	-0.017738	-0.26781	0.7557	0.95495	0.78885	1
Zfp729a_p1	10	0.0079058	0.098722	0.86316	0.97676	0.92136	1
Zfp260_p1	12	-0.0034266	-0.044985	0.98355	0.99116	0.96412	1
Ftx_p3	12	-0.054161	-0.57686	0.31404	0.80904	0.56403	1
Stat6_p1	12	-0.014818	-0.17439	0.80175	0.9672	0.86156	1
Tfdp2_p2	12	0.0067006	0.076966	0.85636	0.97676	0.93865	1
Irf3_p2	12	-0.057461	-0.69742	0.28838	0.77341	0.48554	1
Cic_p2	12	0.026237	0.31252	0.57171	0.94143	0.75464	1
Jarid2_p2	12	0.012681	0.29072	0.76667	0.9565	0.77126	1
Zscan12_p1	12	-0.038303	-0.32178	0.47281	0.90438	0.74762	1
Cdc5l_p1	12	-0.066707	-0.6124	0.21513	0.70824	0.54027	1
Zfp51_p1	12	-0.043096	-0.40073	0.42149	0.875	0.68862	1
Dmrt1_p1	12	-0.012339	-0.16377	0.84232	0.97676	0.86991	1
Zfp777_p2	12	-0.055706	-0.85414	0.30241	0.78575	0.39303	1
Cebpz_p1	12	0.0077894	0.071058	0.83772	0.97676	0.94335	1
Zfp110_p2	12	-0.0023878	-0.031801	0.9989	0.9989	0.97463	1
Znfx1_p1	12	-0.0021731	-0.034108	0.99474	0.99605	0.97279	1
Atf6_p1	12	0.063493	0.77836	0.22193	0.71773	0.43636	1
Zfp62_p2	12	-0.020571	-0.25167	0.71096	0.94834	0.80129	1
Tgif1_p2	12	-0.0043827	-0.065883	0.96776	0.9895	0.94747	1
Zfp358_p1	12	0.031126	0.30688	0.50811	0.91944	0.75893	1
2610044O15Rik8_p1	12	-0.0056664	-0.074415	0.94627	0.9895	0.94068	1
Zfp74_p1	12	0.072834	0.76282	0.17105	0.69573	0.44557	1
Gm6871_p1	12	0.0033407	0.043422	0.90768	0.98786	0.96537	1
Zfp600_p1	5	0.14311	1.1181	0.081798	0.51757	0.26351	1
Crxos_p2	12	0.077152	0.80032	0.15197	0.67941	0.42353	1
Tox4_p2	12	-0.36156	-3.8437	0.0002193	0.0090909	0.00012118	0.010047
Pknox1_p1	12	0.087708	1.6903	0.11513	0.59548	0.090965	1
Zfp637_p1	12	0.049555	0.76854	0.31689	0.81236	0.44217	1
Foxp1_p6	12	0.079935	1.0657	0.14254	0.65327	0.28655	1
Lin28b_p1	12	-0.068112	-0.78035	0.20504	0.70824	0.43519	1
Zfp808_p1	4	0.037755	0.38494	0.62873	0.94537	0.70028	1
Pbx2_p3	12	-0.07694	-0.73308	0.15175	0.67941	0.46351	1
Zbtb44_p2	12	0.0049611	0.057231	0.88531	0.98099	0.95436	1
Peg3_p1	12	0.015485	0.20272	0.72237	0.94878	0.83936	1
Atf5_p1	12	-0.18949	-1.3149	0.0035088	0.07619	0.18854	1
Dnmt1_p1	12	-0.036144	-0.4527	0.49649	0.9129	0.65077	1
Hif1a_p1	12	0.032093	0.32797	0.49583	0.9129	0.74294	1
Zfp825_p1	8	-0.052684	-0.62375	0.40175	0.85336	0.53279	1
Baz2a_p1	12	-0.021595	-0.26862	0.69627	0.94834	0.78822	1
Nr5a2_p1	12	0.04092	0.46262	0.39803	0.85336	0.64364	1
Eomes_p1	12	-0.0054067	-0.06775	0.95088	0.9895	0.94598	1
Elf3_p1	12	-0.095125	-0.78021	0.083772	0.51757	0.43527	1
Tox4_p1	12	-0.13809	-1.7152	0.01886	0.21235	0.086316	1
Esrrb_p3	12	-0.16732	-1.84	0.0092105	0.15273	0.065772	0.90885
Gm38394_p1	12	0.24382	2.7507	0.0002193	0.0090909	0.0059464	0.2465
Nfe2l2_p1	12	-0.41428	-5.0562	0	0	4.2778e-07	6.5022e-05
Gm14401_p1	7	-0.016918	-0.1001	0.81162	0.97398	0.92026	1
Aire_p1	12	-0.069289	-1.0162	0.19737	0.70824	0.30954	1
Srebf2_p1	12	-0.15361	-1.5049	0.011842	0.16923	0.13234	1
Eed_p2	12	0.0060079	0.14928	0.86974	0.97833	0.88133	1
Nfyc_p1	12	-0.019299	-0.1893	0.73158	0.95314	0.84986	1
Zbtb17_p1	12	-0.059159	-0.79728	0.27654	0.77341	0.42529	1
Ubp1_p2	12	0.12169	1.456	0.038377	0.34314	0.14538	1
Zfp866_p2	12	-0.090893	-1.6041	0.09386	0.54872	0.1087	1
Otx2_p1	12	0.058679	0.54668	0.25614	0.75613	0.5846	1
Rbpj_p1	12	0.016115	0.15265	0.71404	0.94834	0.87868	1
Nfatc3_p1	12	-0.042713	-0.53029	0.42522	0.87738	0.59591	1
Zkscan5_p2	12	-0.047039	-0.51845	0.38202	0.85336	0.60414	1
Zkscan17_p2	12	-0.011608	-0.1519	0.85307	0.97676	0.87927	1
Gm14322_p1	4	0.0064272	0.040455	0.9261	0.98786	0.96773	1
Yy2_p1	12	-0.031647	-0.50572	0.5511	0.93944	0.61305	1
Tsc22d1_p4	12	-0.015275	-0.26135	0.79386	0.96405	0.79382	1
Nr5a2_p2	12	0.045965	0.44545	0.34759	0.82711	0.656	1
Tfdp2_p3	12	-0.050539	-0.57763	0.34934	0.82711	0.56352	1
Zbtb7b_p1	12	0.097349	1.2517	0.082018	0.51757	0.21069	1
Hes6_p2	12	-0.024645	-0.30259	0.64934	0.94537	0.7622	1
Zfp942_p1	4	0.03812	0.27382	0.62566	0.94537	0.78422	1
Ctcf_p1	12	-0.017264	-0.28912	0.76228	0.95495	0.77249	1
Preb_p3	12	-0.004583	-0.06683	0.96404	0.9895	0.94672	1
Plscr1_p1	12	-0.036901	-0.54225	0.4864	0.90984	0.58765	1
E2f4_p1	12	-0.1626	-1.9113	0.0098684	0.15738	0.055962	0.84055
Tead2_p5	12	-0.036887	-0.37219	0.48662	0.90984	0.70975	1
Rex2_p1	4	0.052777	0.33698	0.50044	0.914	0.73613	1
Thyn1_p1	12	0.03771	0.47472	0.43092	0.88143	0.63499	1
Zfp57_p4	12	-4.5477e-05	-0.00041705	0.96118	0.9895	0.99967	1
Zfp934_p2	4	-0.050597	-0.42577	0.54781	0.93944	0.67028	1
Phb_p1	12	-0.04736	-0.24645	0.37851	0.85025	0.80533	1
Zfp951_p1	4	0.002959	0.021192	0.96228	0.9895	0.98309	1
