Gene	sgRNA	Low|beta	Low|z	Low|p-value	Low|fdr	Low|wald-p-value	Low|wald-fdr
Rcor2_p2	12	0.02792	0.50648	0.43662	0.87056	0.61252	1
Zfp740_p2	12	-0.058344	-0.69611	0.28048	0.80961	0.48636	1
Zbtb2_p2	12	0.0054307	0.081877	0.78772	0.97296	0.93474	1
Foxn3_p2	12	0.00076316	0.013123	0.86513	0.98271	0.98953	1
Zzz3_p1	12	0.0046284	0.060656	0.80088	0.97298	0.95163	1
Grhl2_p1	12	0.22868	2.3228	0	0	0.020192	0.77862
Esx1_p1	12	-0.084527	-0.90224	0.11118	0.60343	0.36693	1
Cic_p3	12	-0.056029	-0.73361	0.29386	0.80961	0.46319	1
Myc_p2	12	0.031881	0.37246	0.38531	0.8662	0.70955	1
Zfp715_p1	12	0.024706	0.33187	0.48202	0.8938	0.73999	1
NT	300	0	0	0.87982	0.98271	1	1
Mitf_p2	12	-0.048297	-0.57095	0.37566	0.8662	0.56804	1
Mid2_p3	12	0.014579	0.18266	0.6307	0.93485	0.85507	1
Tcf7_p2	12	0.10596	1.3901	0.01557	0.26071	0.1645	1
Eomes_p2	12	0.049927	0.62179	0.20614	0.70149	0.53408	1
Zfp236_p1	12	0.18979	1.9068	0.0002193	0.0086957	0.056549	1
Tfdp2_p1	12	-0.0078505	-0.10902	0.98333	0.99208	0.91319	1
Tcf25_p1	12	0.03256	0.50021	0.37807	0.8662	0.61693	1
Zkscan17_p1	12	0.065863	1.0157	0.11096	0.60343	0.30978	1
Tfdp1_p1	12	0.097611	1.0577	0.023684	0.29589	0.2902	1
Mis18bp1_p1	12	0.06163	0.77266	0.13202	0.61792	0.43972	1
Csrnp1_p1	12	-0.10688	-1.3996	0.053509	0.44132	0.16163	1
Atf1_p1	12	0.060475	1.0889	0.13816	0.61792	0.27622	1
Zfp57_p2	12	-0.029038	-0.40883	0.6364	0.93916	0.68266	1
Mbd1_p1	12	-0.014261	-0.20651	0.87061	0.98271	0.83639	1
Hif1a_p2	12	0.025546	0.33418	0.46996	0.89027	0.73825	1
Sp3_p1	12	-0.027852	-0.42527	0.65504	0.94684	0.67064	1
Zfp414_p1	12	-0.021707	-0.47553	0.75022	0.9701	0.63441	1
Tead2_p3	12	0.052515	0.58491	0.19013	0.69769	0.55861	1
Zic3_p1	12	-0.42521	-4.1201	0	0	3.7875e-05	0.0049346
Mbd2_p1	12	0.035516	0.41128	0.34518	0.85247	0.68086	1
Zfp867_p1	12	-0.070208	-1.3506	0.18947	0.69769	0.17682	1
Irf3_p1	12	-0.012712	-0.18206	0.89649	0.98271	0.85553	1
Mafg_p1	12	0.015588	0.30366	0.61601	0.93485	0.76139	1
Xist_p1	12	-1.5946	-9.5495	0	0	1.3038e-21	1.1891e-18
Klf11_p1	12	0.0082351	0.16218	0.74167	0.9701	0.87117	1
Usf2_p1	12	0.058144	1.0617	0.15395	0.63909	0.28838	1
Msl2_p1	12	0.040933	0.49359	0.28904	0.80961	0.62159	1
Dmtf1_p1	12	-0.010152	-0.2447	0.94496	0.99208	0.80669	1
Mkrn2_p1	12	0.0031136	0.039947	0.82873	0.97727	0.96814	1
Thap4_p1	12	-0.0078214	-0.14053	0.98355	0.99208	0.88824	1
Csrnp1_p2	12	-0.018293	-0.18849	0.80285	0.97298	0.85049	1
Kansl1_p4	12	0.025781	0.26727	0.46579	0.89027	0.78926	1
Gli3_p2	12	0.02601	0.35416	0.46228	0.88571	0.72322	1
Prdm5_p1	12	0.030944	0.50545	0.39671	0.8662	0.61324	1
Bcor_p2	12	0.044291	0.57153	0.2557	0.78456	0.56764	1
Zfp738_p2	11	-0.024701	-0.26566	0.71162	0.9583	0.7905	1
Foxa2_p2	12	-0.054059	-0.6441	0.31338	0.82989	0.51951	1
Zfp1_p1	12	0.014485	0.16573	0.63158	0.93485	0.86837	1
Foxn2_p1	12	0.023341	0.37002	0.49803	0.8938	0.71137	1
Zbtb12_p1	12	-0.019423	-0.28333	0.78289	0.97296	0.77693	1
Stag2_p2	12	0.018951	0.27889	0.56601	0.921	0.78033	1
E2f6_p1	12	-0.026405	-0.23511	0.67346	0.95046	0.81413	1
Zfp335_p1	12	-0.0334	-0.56052	0.57281	0.92297	0.57513	1
Foxm1_p1	12	0.14204	1.382	0.0019737	0.069231	0.16697	1
Crxos_p4	12	0.024431	0.24458	0.48596	0.8938	0.80678	1
Ddit3_p1	12	0.032491	0.47005	0.37851	0.8662	0.63832	1
Crebzf_p3	12	0.035705	0.40685	0.34342	0.85247	0.68412	1
Zfp148_p1	12	-0.0094962	-0.13258	0.95351	0.99208	0.89453	1
Hmgb3_p2	12	-0.1437	-1.4657	0.013377	0.244	0.14274	1
Zfp397_p1	12	-0.075128	-0.83201	0.15658	0.64615	0.4054	1
Zfp180_p1	12	-0.033608	-0.38324	0.56754	0.921	0.70154	1
Klf5_p1	12	-0.024965	-0.45342	0.70088	0.95774	0.65025	1
Sox11_p1	12	0.044542	0.72131	0.25329	0.78456	0.47072	1
Zfp143_p1	12	-0.0069214	-0.078708	0.99934	0.99934	0.93727	1
Tada2a_p1	12	0.064803	0.63459	0.11579	0.60343	0.5257	1
Ahr_p1	12	0.039686	0.52676	0.3011	0.81484	0.59836	1
Zfp119b_p1	6	0.0091632	0.14319	0.81557	0.97429	0.88614	1
Erf_p1	12	0.021114	0.22401	0.5307	0.89575	0.82275	1
Hnrnpk_p4	12	-0.11995	-1.1065	0.032018	0.35238	0.26851	1
Tead1_p1	12	-0.017185	-0.21889	0.82061	0.97429	0.82674	1
Hmgxb4_p1	12	-0.058059	-0.72177	0.28268	0.80961	0.47044	1
Crebzf_p1	12	-0.0088783	-0.15528	0.96535	0.99208	0.8766	1
Arnt_p1	12	0.049215	0.6684	0.21162	0.70916	0.50388	1
Zfp507_p1	12	0.021724	0.25695	0.52193	0.89533	0.79721	1
Mitf_p1	12	-0.059249	-1.1712	0.27281	0.80961	0.24153	1
Zfp512_p2	12	-0.05247	-0.52506	0.3318	0.85247	0.59954	1
Bcor_p3	12	0.021102	0.26381	0.53114	0.89575	0.79193	1
Mid2_p2	12	0.022246	0.34441	0.51447	0.89392	0.73053	1
Sox12_p1	12	0.1083	1.375	0.013816	0.24615	0.16912	1
Zfp941_p1	12	-0.036788	-0.43071	0.52149	0.89533	0.66668	1
Zfp239_p1	12	0.064267	1.0131	0.11974	0.61189	0.311	1
Usf1_p1	12	-0.037417	-0.92646	0.51404	0.89392	0.35421	1
Creb1_p1	12	0.082678	1.001	0.046491	0.41748	0.31681	1
Pitx2_p1	12	-0.056122	-0.8846	0.29254	0.80961	0.37637	1
E2f1_p1	12	-0.0048624	-0.078499	0.96272	0.99208	0.93743	1
Six1_p2	12	0.016888	0.28007	0.59693	0.93485	0.77942	1
Zfp599_p1	12	-0.010327	-0.1187	0.94101	0.99208	0.90551	1
Glis2_p1	12	-0.017772	-0.26442	0.81118	0.97429	0.79145	1
Mier1_p3	12	-0.0066638	-0.086392	0.99605	0.99715	0.93116	1
Adnp2_p1	12	-0.1043	-1.4314	0.058553	0.44132	0.15231	1
Zfp958_p1	12	0.039689	0.50046	0.3011	0.81484	0.61675	1
Mbtps2_p1	12	-0.036722	-0.58866	0.52237	0.89533	0.55609	1
Gm14326_p1	4	0.031833	0.27462	0.61886	0.93485	0.78361	1
Preb_p1	12	-0.021397	-0.2941	0.75417	0.9701	0.76868	1
Cdx1_p1	12	-0.032621	-0.44378	0.58399	0.92617	0.6572	1
Rela_p1	12	-0.01711	-0.27147	0.82237	0.97429	0.78603	1
Tfap4_p2	12	0.0055093	0.10132	0.78706	0.97296	0.91929	1
Hmgb2_p1	12	-0.00049923	-0.0055582	0.88925	0.98271	0.99557	1
Mier2_p1	12	-0.016126	-0.24173	0.84101	0.97832	0.80899	1
Rhox6_p1	7	-0.009979	-0.15791	0.93333	0.99208	0.87453	1
Jdp2_p2	12	0.05614	0.77249	0.16425	0.65415	0.43982	1
Nfil3_p1	12	0.010858	0.14829	0.6932	0.95774	0.88211	1
Smarce1_p1	12	-0.017816	-0.21694	0.80965	0.97429	0.82825	1
Zfp617_p1	12	-0.01109	-0.12582	0.92588	0.99208	0.89987	1
Sall2_p1	12	0.071252	0.72983	0.084211	0.55652	0.4655	1
Cdip1_p1	12	-0.013114	-0.17027	0.88969	0.98271	0.8648	1
Mycn_p2	12	0.067901	0.75449	0.099561	0.59346	0.45056	1
Kansl3_p2	12	-0.078887	-0.98551	0.13838	0.61792	0.32438	1
Mycl_p1	12	-0.02328	-0.35208	0.72763	0.96735	0.72478	1
Zfp35_p1	12	0.029709	0.41698	0.41184	0.86944	0.67669	1
Zfp146_p1	12	-0.0092038	-0.12022	0.95789	0.99208	0.90431	1
Aebp2_p1	12	0.034626	0.45739	0.35548	0.85247	0.64739	1
Hbp1_p1	12	0.0049182	0.063914	0.79583	0.97296	0.94904	1
Mier3_p1	12	0.090427	0.69507	0.03114	0.35238	0.48701	1
Cebpg_p2	12	0.061812	0.49065	0.13158	0.61792	0.62367	1
Nexmif_p1	12	0.014099	0.27105	0.63794	0.9399	0.78635	1
Zfp850_p1	12	-0.0088948	-0.1603	0.96425	0.99208	0.87265	1
Zfp217_p1	12	-0.0053267	-0.096599	0.97171	0.99208	0.92304	1
Hmgxb4_p2	12	-0.038226	-0.59116	0.50526	0.8938	0.55441	1
Zfp763_p1	12	-0.07661	-0.70741	0.14912	0.62963	0.47931	1
Setdb1_p1	10	0.097445	1.1385	0.0375	0.38681	0.25492	1
Sub1_p1	12	-0.069003	-1.0279	0.19671	0.69769	0.30401	1
Gtf2ird1_p2	12	0.038136	0.48043	0.31667	0.82989	0.63092	1
Hinfp_p1	12	-0.027026	-0.43924	0.66557	0.95016	0.66049	1
Platr25_p2	8	-0.059701	-0.57985	0.33596	0.85247	0.56202	1
Mbd1_p2	12	-0.032413	-0.40113	0.58575	0.92617	0.68833	1
Tead2_p4	12	0.013065	0.11633	0.65614	0.94684	0.90739	1
Otx2_p2	12	-0.054784	-0.83814	0.30592	0.82544	0.40195	1
Thap12_p2	12	-0.0051077	-0.056009	0.96689	0.99208	0.95533	1
Zfp654_p1	12	0.034052	0.87878	0.36206	0.85544	0.37952	1
Srebf1_p2	12	-0.058954	-0.60361	0.27456	0.80961	0.5461	1
Maff_p1	12	-0.046801	-0.57785	0.39254	0.8662	0.56337	1
Sox2_p1	12	-0.11778	-1.2596	0.036184	0.38372	0.2078	1
Gtf2i_p1	12	-0.017141	-0.15005	0.82105	0.97429	0.88072	1
Tsix_p1	12	0.00075602	0.010777	0.86535	0.98271	0.9914	1
Bnc2_p1	12	0.10543	1.3858	0.016009	0.26071	0.16579	1
Rbpj_p3	12	0.0080972	0.11181	0.74386	0.9701	0.91097	1
Capn15_p1	12	-0.082536	-1.2426	0.12171	0.61189	0.21403	1
Tcf12_p2	12	0.025611	0.36365	0.46908	0.89027	0.71612	1
Klf4_p2	12	0.046187	0.72348	0.2375	0.7564	0.46939	1
Prdm4_p1	12	0.035322	0.71604	0.34737	0.85247	0.47397	1
Tfcp2l1_p1	12	-0.30697	-3.0372	0	0	0.0023879	0.13611
Smad3_p1	12	0.041468	0.83164	0.28553	0.80961	0.40561	1
Zfp738_p1	6	-0.039733	-0.42659	0.58311	0.92617	0.66968	1
Tfam_p1	12	0.061847	0.99236	0.13158	0.61792	0.32102	1
Tfdp1_p2	12	0.078521	1.3569	0.056579	0.44132	0.17482	1
Prdm2_p1	12	0.052999	0.65018	0.18728	0.69769	0.51558	1
Zfp710_p2	12	-0.15557	-1.4484	0.0083333	0.19	0.14749	1
Zfp219_p1	12	0.067952	0.79537	0.099123	0.59346	0.4264	1
Zfp946_p1	12	0.021007	0.26421	0.53311	0.89705	0.79162	1
Hmgb2_p2	12	-0.033508	-0.42483	0.57061	0.92297	0.67096	1
Rcor2_p1	12	-0.015741	-0.17117	0.84846	0.98271	0.86409	1
Fiz1_p2	12	-0.051067	-0.69531	0.34408	0.85247	0.48686	1
Elf2_p1	12	0.010339	0.22838	0.7057	0.95774	0.81935	1
Mybl2_p1	12	-0.01472	-0.22456	0.86272	0.98271	0.82232	1
Ftx_p1	12	-0.050681	-0.54778	0.34781	0.85247	0.58385	1
Cic_p1	12	0.0027053	0.041898	0.83553	0.97727	0.96658	1
Lrrfip2_p1	12	-0.026087	-0.37404	0.68114	0.95046	0.70838	1
Ubtf_p1	12	0.0073352	0.08655	0.75373	0.9701	0.93103	1
Thap1_p1	12	0.024424	0.37277	0.48596	0.8938	0.70932	1
Zfp275_p1	12	0.012187	0.17707	0.66864	0.95016	0.85945	1
Sub1_p2	12	-0.034312	-0.39419	0.55811	0.91835	0.69344	1
Zfp532_p1	12	0.006327	0.093647	0.77215	0.97296	0.92539	1
Zfp473_p1	12	-0.070135	-0.76452	0.18947	0.69769	0.44456	1
Prdm14_p1	12	-0.072383	-0.55193	0.17281	0.67064	0.581	1
Zfp24_p1	12	0.010448	0.11233	0.70307	0.95774	0.91056	1
Ubp1_p1	12	0.039018	0.65874	0.30987	0.82989	0.51006	1
Aff4_p1	12	0.042208	0.68663	0.27697	0.80961	0.49231	1
Klf13_p1	12	-0.0010511	-0.015001	0.89759	0.98271	0.98803	1
Hic2_p1	12	0.056577	0.6569	0.16075	0.64737	0.51125	1
Ascl2_p1	12	0.096244	1.7272	0.025439	0.31351	0.08413	1
Sp2_p1	12	0.10974	1.2252	0.013377	0.244	0.2205	1
Zfx_p1	12	0.078961	0.8289	0.055482	0.44132	0.40716	1
Olig1_p1	12	0.036338	0.43738	0.33596	0.85247	0.66183	1
2610021A01Rik_p1	12	-0.047026	-0.69019	0.38969	0.8662	0.49007	1
Atf6b_p1	12	0.022003	0.40802	0.5182	0.89533	0.68326	1
Tslrn1_p1	12	-0.059302	-0.81349	0.27281	0.80961	0.41594	1
Rif1_p1	12	-0.41116	-3.9343	0	0	8.3427e-05	0.0095107
Zfp664_p1	12	0.024537	0.45754	0.48443	0.8938	0.64729	1
Csrnp1_p3	12	-0.047069	-0.76497	0.3886	0.8662	0.44429	1
Gm49345_p1	8	0.00053964	0.0091459	0.89518	0.98271	0.9927	1
Zfp263_p1	12	-0.026144	-0.51658	0.67917	0.95046	0.60545	1
Tead2_p2	12	0.037628	0.52714	0.32259	0.84286	0.59809	1
Zfp57_p3	12	0.035521	0.38642	0.34518	0.85247	0.69918	1
Zfp267_p2	12	0.042254	0.36798	0.2761	0.80961	0.71289	1
Klf15_p1	12	-0.068538	-0.71643	0.19803	0.69769	0.47372	1
Smad4_p1	12	0.017861	0.35582	0.58158	0.92617	0.72198	1
Plscr1_p2	12	0.0027791	0.031974	0.83443	0.97727	0.97449	1
Cpeb1_p3	12	-0.078389	-1.0688	0.14057	0.61792	0.28516	1
Lef1_p1	12	0.023975	0.45165	0.49145	0.8938	0.65152	1
Zfp777_p1	12	0.0024564	0.033358	0.83882	0.97727	0.97339	1
Zfp605_p1	12	-0.045313	-0.38597	0.40899	0.86744	0.69952	1
Smad7_p1	12	0.054042	1.007	0.17785	0.67866	0.31393	1
Atf5_p2	12	0.03196	0.3377	0.38487	0.8662	0.73559	1
Foxp1_p1	12	0.019095	0.32907	0.56469	0.921	0.7421	1
Zfp729b_p1	11	0.053011	0.69346	0.20702	0.70186	0.48802	1
Zfp609_p1	12	0.047892	0.58488	0.22105	0.72143	0.55863	1
Klf4_p1	12	-0.044739	-0.58281	0.41623	0.87056	0.56002	1
Gli3_p1	12	-0.040387	-0.54528	0.47478	0.89278	0.58556	1
Zfp869_p2	12	-0.049126	-0.63054	0.36535	0.85876	0.52834	1
Zkscan3_p1	12	-0.00049611	-0.0070096	0.88925	0.98271	0.99441	1
Trim28_p2	12	-0.12426	-1.9614	0.027851	0.33421	0.049836	1
Nfe2l1_p1	12	-0.096376	-1.2055	0.075658	0.53077	0.22802	1
Yeats4_p1	12	-0.03724	-0.40173	0.51557	0.89392	0.68788	1
Gzf1_p1	12	-0.078281	-1.0089	0.14079	0.61792	0.31304	1
Zfp317_p1	12	-0.025682	-0.33978	0.68728	0.95549	0.73402	1
Tcf15_p1	12	0.024961	0.49572	0.47873	0.8938	0.62009	1
Nfatc3_p2	12	0.013274	0.15466	0.65219	0.94684	0.87709	1
Cpeb1_p2	12	-0.066166	-0.78605	0.21557	0.71491	0.43184	1
Cenpa_p1	12	-0.0087687	-0.10215	0.9682	0.99208	0.91864	1
Zfp748_p1	12	0.054583	0.71944	0.17434	0.67373	0.47187	1
Zfp423_p1	12	0.059138	0.9482	0.14649	0.62326	0.34303	1
Pias4_p1	12	-0.0062863	-0.085142	0.98882	0.99208	0.93215	1
Cenps_p1	12	-0.054195	-0.68074	0.31118	0.82989	0.49604	1
Zfp239_p2	12	-0.065061	-0.77721	0.22127	0.72143	0.43703	1
Nr6a1_p2	12	0.031464	0.3588	0.38925	0.8662	0.71974	1
Zbed4_p1	12	-0.047289	-0.96035	0.38618	0.8662	0.33688	1
Zfp532_p5	12	0.023342	0.2302	0.49803	0.8938	0.81793	1
Nup62cl_p1	12	-0.054016	-0.59685	0.31382	0.82989	0.55061	1
Crxos_p3	12	-0.053113	-0.49211	0.32346	0.84286	0.62264	1
Nkrf_p2	12	0.071261	0.84941	0.084211	0.55652	0.39565	1
Nfya_p1	12	-0.018676	-0.21789	0.79693	0.97296	0.82752	1
Atf3_p2	12	-0.00092562	-0.012354	0.89627	0.98271	0.99014	1
Zbtb44_p1	12	0.08331	0.9374	0.044079	0.4102	0.34855	1
Rest_p1	12	0.032682	0.3871	0.37785	0.8662	0.69868	1
Dcp1a_p1	12	0.23696	2.6252	0	0	0.0086587	0.37603
Zbtb6_p1	12	0.056859	0.7901	0.16031	0.64737	0.42947	1
Elf2_p2	12	-0.034129	-0.61667	0.55987	0.91835	0.53745	1
Zfp809_p1	12	0.035632	0.66885	0.34452	0.85247	0.50359	1
Max_p1	12	0.066958	1.1465	0.10395	0.5975	0.25157	1
Zfp976_p1	12	-0.0053397	-0.061722	0.97215	0.99208	0.95078	1
Mga_p1	12	-0.10438	-1.1563	0.058553	0.44132	0.24756	1
Zfp664_p2	12	-0.018113	-0.18035	0.80504	0.97298	0.85688	1
Zfp532_p4	12	0.12056	1.2362	0.0083333	0.19	0.21638	1
Elmsan1_p1	12	-0.0041868	-0.058201	0.94912	0.99208	0.95359	1
Hnrnpu_p1	12	-0.03132	-0.3882	0.60373	0.93485	0.69787	1
Eed_p1	12	0.040493	0.84234	0.29232	0.80961	0.3996	1
Zkscan5_p4	12	0.011486	0.11911	0.68158	0.95046	0.90518	1
Rarg_p1	12	-0.052871	-0.61947	0.32632	0.84545	0.5356	1
Hnrnpk_p2	12	-0.024776	-0.30714	0.70482	0.95774	0.75874	1
Trim28_p1	12	-0.0062966	-0.089834	0.98882	0.99208	0.92842	1
Platr25_p3	7	-0.014888	-0.12237	0.86469	0.98271	0.90261	1
Ncoa1_p1	12	-0.026906	-0.42202	0.66689	0.95016	0.67301	1
Mbtps2_p2	12	-0.060972	-0.65574	0.25482	0.78456	0.51199	1
Ncor1_p2	12	0.034404	0.45311	0.35724	0.85247	0.65047	1
Myb_p1	12	-0.043762	-0.64304	0.43092	0.87056	0.5202	1
Zfp706_p2	12	-0.015054	-0.19488	0.85965	0.98271	0.84548	1
Nr2f6_p2	12	-0.00076143	-0.012199	0.8932	0.98271	0.99027	1
Zfp518b_p1	12	-0.221	-3.2723	0.0002193	0.0086957	0.0010669	0.0851
Smarcal1_p1	12	-0.027247	-0.35411	0.66228	0.94851	0.72326	1
Nr1d2_p1	12	0.016072	0.22802	0.60921	0.93485	0.81963	1
Zfp652_p1	12	-0.014582	-0.18132	0.86491	0.98271	0.85611	1
Zfp229_p1	12	0.017575	0.18861	0.58596	0.92617	0.85039	1
Zfp516_p2	12	0.018292	0.22915	0.57675	0.92513	0.81875	1
Gmeb2_p1	12	0.17748	2.2505	0.0002193	0.0086957	0.02442	0.89083
Zfp292_p1	12	-0.055662	-0.67471	0.29781	0.81317	0.49986	1
Zfp574_p2	12	-0.041631	-0.47427	0.45855	0.8827	0.6353	1
Zfp445_p1	12	0.036242	0.61165	0.33772	0.85247	0.54077	1
E4f1_p2	12	-0.043749	-0.54401	0.43136	0.87056	0.58643	1
Ahctf1_p1	12	-0.14699	-1.6176	0.011184	0.22667	0.10574	1
Zfp280c_p1	12	0.12579	1.7328	0.0054825	0.13889	0.083136	1
Mier1_p1	12	-0.012104	-0.19907	0.90768	0.98621	0.84221	1
Zic2_p1	12	-0.069232	-1.0887	0.19627	0.69769	0.27628	1
Terf1_p1	12	0.040061	0.55548	0.29561	0.80961	0.57857	1
Nsd2_p1	12	0.03356	0.70597	0.36864	0.86205	0.48021	1
Lbr_p2	12	-0.040831	-0.45275	0.46864	0.89027	0.65073	1
Tfap4_p1	12	-0.026115	-0.40127	0.67982	0.95046	0.68822	1
Zbtb32_p1	12	0.070618	0.76932	0.0875	0.55944	0.4417	1
Zfp740_p1	12	0.018638	0.28839	0.57105	0.92297	0.77305	1
Hmg20b_p1	12	-0.087589	-1.3786	0.10395	0.5975	0.16802	1
Foxp1_p5	12	-0.036663	-0.41322	0.52303	0.89533	0.67945	1
Sall4_p1	12	-0.21051	-2.7873	0.0004386	0.016667	0.005315	0.26929
Zfp655_p1	12	-0.073543	-1.0972	0.16557	0.65628	0.27257	1
Id1_p1	12	-0.0077312	-0.089883	0.98487	0.99208	0.92838	1
Zzz3_p3	12	0.024711	0.39659	0.48202	0.8938	0.69167	1
Sp1_p1	12	-0.391	-4.7002	0	0	2.5987e-06	0.00079001
Zscan22_p1	12	0.0079672	0.11804	0.74605	0.9701	0.90604	1
Hmga1b_p1	8	-0.0098872	-0.1543	0.95877	0.99208	0.87737	1
Zbtb24_p1	12	-0.041014	-0.44137	0.46689	0.89027	0.65894	1
Xbp1_p1	12	-0.025328	-0.30532	0.69408	0.95774	0.76012	1
Esrrb_p1	12	-0.022213	-0.31018	0.74145	0.9701	0.75643	1
Zfp936_p2	4	0.10485	0.62729	0.14693	0.62326	0.53047	1
Nr3c1_p3	12	0.010396	0.11021	0.70417	0.95774	0.91224	1
Hsf1_p1	12	-0.017406	-0.20976	0.81711	0.97429	0.83386	1
Nrf1_p1	12	-0.045649	-0.34046	0.40614	0.8662	0.73351	1
Zfp58_p1	12	0.024142	0.31434	0.48904	0.8938	0.75326	1
Foxn3_p5	12	-0.07803	-0.84002	0.14211	0.61792	0.40089	1
Ttf1_p1	12	-0.14175	-0.80092	0.014474	0.24906	0.42318	1
Zfp871_p1	12	-0.075547	-0.82995	0.15373	0.63909	0.40657	1
Tsc22d1_p2	12	0.010624	0.14507	0.69912	0.95774	0.88466	1
Pou5f1_p2	12	-0.069449	-0.77103	0.19386	0.69769	0.44069	1
Pias2_p1	12	0.066624	0.93362	0.10592	0.6	0.3505	1
Junb_p1	12	0.051457	0.75821	0.19737	0.69769	0.44832	1
Plagl1_p2	12	-0.045735	-0.71065	0.40504	0.8662	0.4773	1
Rest_p2	12	0.013514	0.14656	0.6489	0.94684	0.88348	1
Zfp639_p2	12	-0.087671	-1.7982	0.10395	0.5975	0.072151	1
Zfp932_p1	5	-0.012304	-0.10602	0.93311	0.99208	0.91556	1
Hes1_p2	12	0.12895	1.3489	0.0041667	0.11515	0.17735	1
Zfp639_p1	12	-0.092921	-1.173	0.084868	0.55683	0.24081	1
Bcor_p1	12	0.064777	0.97721	0.11579	0.60343	0.32846	1
Gli2_p1	12	-0.092389	-1.1516	0.086404	0.55887	0.24948	1
Zfp956_p1	12	-0.040144	-0.68881	0.47719	0.89363	0.49094	1
Elmsan1_p2	12	-0.010763	-0.17895	0.93246	0.99208	0.85798	1
Zfp644_p3	12	-0.073085	-1.1484	0.1682	0.66009	0.25078	1
Kansl1_p2	12	0.1251	1.6268	0.0057018	0.14054	0.10378	1
Zfp706_p1	12	0.0324	0.6494	0.37982	0.8662	0.51608	1
Pbx2_p2	12	0.028791	0.43503	0.42632	0.87056	0.66354	1
Blzf1_p1	12	-0.009129	-0.08708	0.95899	0.99208	0.93061	1
Mael_p1	12	-0.03032	-0.47215	0.61908	0.93485	0.63682	1
Fiz1_p1	12	0.027583	0.28522	0.44035	0.87056	0.77547	1
Nme2_p1	12	0.014857	0.21438	0.62697	0.93485	0.83025	1
Zfp105_p1	12	-0.010107	-0.09478	0.94496	0.99208	0.92449	1
Etv5_p1	12	-0.024989	-0.31932	0.70044	0.95774	0.74949	1
Gata2_p1	12	0.028848	0.4143	0.42566	0.87056	0.67865	1
Zfp984_p1	6	0.13058	1.2705	0.031798	0.35238	0.2039	1
Myrf_p1	12	-0.13679	-2.3173	0.018202	0.26774	0.02049	0.77862
Gabpa_p1	12	0.035428	0.55093	0.34605	0.85247	0.58168	1
Zfp532_p2	12	0.065682	1.0586	0.11162	0.60343	0.28978	1
Srebf2_p2	12	-0.037787	-0.69937	0.51031	0.89392	0.48432	1
Otx2_p3	12	-0.052059	-0.45716	0.33509	0.85247	0.64755	1
Mlx_p1	12	0.10962	1.0914	0.013377	0.244	0.27512	1
Cnbp_p1	12	-0.087394	-1.2208	0.10439	0.5975	0.22215	1
Arid1a_p1	12	0.029079	0.47596	0.42259	0.87056	0.6341	1
Khsrp_p1	12	-0.11036	-1.8387	0.047149	0.41748	0.065965	1
Litaf_p1	12	-0.080375	-1.0572	0.1318	0.61792	0.29043	1
Hmgb1_p1	12	0.065134	0.85424	0.11404	0.60343	0.39297	1
Tmf1_p1	12	-0.0019766	-0.029026	0.91382	0.98744	0.97684	1
Rxrb_p1	12	0.028948	0.35229	0.42434	0.87056	0.72462	1
Irf6_p1	12	0.022518	0.30637	0.51075	0.89392	0.75932	1
Zfp954_p1	12	0.0030785	0.038407	0.82982	0.97727	0.96936	1
Zfp280b_p1	12	0.017019	0.31952	0.59474	0.93485	0.74933	1
Crxos_p1	12	-0.050233	-0.8453	0.35373	0.85247	0.39795	1
Ubtf_p2	12	-0.0039048	-0.060991	0.94518	0.99208	0.95137	1
Zfp748_p2	12	-0.048697	-0.84997	0.37105	0.86327	0.39534	1
Hmgb1_p3	12	-0.057991	-0.59818	0.28311	0.80961	0.54972	1
Zbtb41_p1	12	-0.00016972	-0.0020603	0.88421	0.98271	0.99836	1
Klf13_p2	12	-0.032841	-0.51908	0.58048	0.92617	0.6037	1
Gm14443_p1	10	-0.011634	-0.13416	0.92061	0.99208	0.89327	1
Zfp12_p2	12	-0.0045382	-0.050173	0.95768	0.99208	0.95998	1
Gbx2_p1	12	0.0043396	0.07532	0.80504	0.97298	0.93996	1
Mier2_p2	12	-0.0048102	-0.051664	0.9614	0.99208	0.9588	1
Litaf_p2	12	-0.074449	-0.74484	0.16053	0.64737	0.45637	1
Nfrkb_p1	12	-0.48112	-4.5937	0	0	4.3539e-06	0.00079415
Pbrm1_p1	12	0.051948	0.62618	0.19386	0.69769	0.53119	1
Mid2_p1	12	-0.029573	-0.40811	0.63004	0.93485	0.6832	1
Tcf12_p1	12	0.081717	1.2048	0.047807	0.41923	0.22828	1
Gata2_p2	12	-0.10395	-1.4498	0.059211	0.44262	0.14712	1
E2f3_p1	12	0.053284	0.56945	0.18465	0.69752	0.56905	1
Pbx2_p1	12	-0.044069	-0.65785	0.425	0.87056	0.51064	1
Mitf_p3	12	-0.019523	-0.20958	0.78092	0.97296	0.83399	1
Aebp2_p2	12	-0.034126	-0.65149	0.55987	0.91835	0.51473	1
Zfp944_p1	5	-0.0055738	-0.051934	0.98487	0.99208	0.95858	1
Patz1_p2	12	0.00010626	0.0012432	0.87851	0.98271	0.99901	1
Zfp184_p2	12	-0.024454	-0.27743	0.70987	0.9583	0.78145	1
Smarcc1_p2	12	0.055531	0.39187	0.16864	0.66009	0.69516	1
Stat3_p1	12	-0.23157	-1.7855	0.0002193	0.0086957	0.074185	1
Patz1_p1	12	-0.050343	-0.78598	0.35285	0.85247	0.43188	1
Cebpg_p1	12	0.1112	1.4974	0.012281	0.2383	0.13428	1
Thap1_p2	12	-0.0079624	-0.099491	0.98224	0.99208	0.92075	1
Hmgb1_p4	12	0.023247	0.27444	0.49934	0.8938	0.78374	1
Zfp771_p1	12	-0.09239	-1.3454	0.086404	0.55887	0.17849	1
Lrrfip2_p2	12	-0.001041	-0.018541	0.89737	0.98271	0.98521	1
Foxp1_p2	12	-0.028597	-0.42229	0.64298	0.94277	0.67282	1
Zfp930_p1	12	-0.013795	-0.23432	0.87851	0.98271	0.81474	1
Ubtf_p3	12	0.028154	0.38214	0.43465	0.87056	0.70236	1
Srf_p1	12	-0.084642	-0.91348	0.11096	0.60343	0.36099	1
Klf11_p2	12	-0.038999	-0.42033	0.49605	0.8938	0.67424	1
Zbtb2_p1	12	-0.037335	-0.5956	0.51469	0.89392	0.55144	1
Sox13_p1	12	-0.050118	-0.60634	0.35504	0.85247	0.54429	1
Etv4_p2	12	0.026966	0.34126	0.44912	0.87548	0.73291	1
Rara_p2	12	0.010979	0.12534	0.69057	0.95774	0.90026	1
Mta2_p1	12	-0.0080578	-0.10821	0.9807	0.99208	0.91383	1
Atf3_p1	12	-0.042726	-0.7032	0.44561	0.87548	0.48193	1
Nfyb_p1	12	-0.094748	-1.6217	0.079825	0.54737	0.10486	1
Foxa2_p1	12	0.034207	0.43396	0.35987	0.85247	0.66432	1
Rbak_p1	12	-0.024815	-0.4292	0.70395	0.95774	0.66777	1
Hsf2_p1	12	0.030902	0.43449	0.39693	0.8662	0.66393	1
Zfp369_p1	12	-0.046162	-0.64391	0.40066	0.8662	0.51963	1
Lrrfip1_p1	12	0.030867	0.42844	0.39759	0.8662	0.66833	1
Kmt2c_p1	12	0.065581	0.88793	0.11228	0.60343	0.37458	1
E4f1_p1	12	-0.097688	-1.1377	0.074123	0.53077	0.25525	1
Bcorl1_p2	12	-0.082951	-1.255	0.11952	0.61189	0.20948	1
Csde1_p1	12	0.10531	1.3826	0.016009	0.26071	0.16679	1
Carhsp1_p1	12	0.024093	0.52082	0.48947	0.8938	0.60249	1
Cdx4_p1	12	-0.07827	-1.2761	0.14101	0.61792	0.20193	1
Tfam_p2	12	-0.074752	-0.9703	0.15877	0.64737	0.3319	1
Nr0b1_p1	12	-0.01644	-0.2074	0.83662	0.97727	0.8357	1
Pitx2_p2	12	-0.031276	-0.32359	0.60395	0.93485	0.74625	1
Preb_p2	12	-0.017795	-0.26762	0.81009	0.97429	0.78899	1
Crebzf_p2	12	0.027725	0.31103	0.43925	0.87056	0.75578	1
Maff_p3	12	-0.020703	-0.34118	0.76404	0.97296	0.73297	1
Zscan25_p1	12	0.06903	0.78689	0.094518	0.58121	0.43135	1
Zfp65_p1	12	-0.023338	-0.27343	0.72654	0.9673	0.78452	1
Zfp263_p2	12	-0.017434	-0.21594	0.81689	0.97429	0.82903	1
Mxi1_p2	12	-0.0029246	-0.033885	0.92961	0.99208	0.97297	1
Lyar_p1	12	-0.0436	-0.7441	0.43333	0.87056	0.45682	1
Zfp644_p2	12	0.034889	0.48164	0.35285	0.85247	0.63006	1
Wdhd1_p1	12	-0.052869	-0.5736	0.32632	0.84545	0.56624	1
Atf2_p1	12	-0.060359	-0.86454	0.26096	0.79076	0.38729	1
Six1_p1	12	0.10257	1.4531	0.018202	0.26774	0.1462	1
Zmat3_p2	12	0.0035814	0.062055	0.82061	0.97429	0.95052	1
Platr25_p4	12	0.027538	0.37685	0.44057	0.87056	0.70628	1
Nfkb2_p2	12	-0.065484	-1.0418	0.2193	0.72143	0.29751	1
E2f2_p1	12	-0.040717	-0.86655	0.47061	0.89027	0.38619	1
Smad2_p1	12	0.051972	0.83593	0.19364	0.69769	0.4032	1
Pura_p1	12	0.0080391	0.15411	0.74496	0.9701	0.87752	1
Zfp449_p1	12	-0.013484	-0.1494	0.88333	0.98271	0.88124	1
Hmga1_p1	12	0.021086	0.24631	0.53136	0.89575	0.80544	1
Arid2_p1	12	-0.0090728	-0.17219	0.95987	0.99208	0.86329	1
Tead4_p1	12	0.030061	0.40808	0.40746	0.8662	0.68322	1
Hes6_p1	12	-0.022112	-0.27229	0.74386	0.9701	0.7854	1
Stat3_p2	12	-0.02937	-0.34947	0.63246	0.93485	0.72674	1
Zbtb43_p1	12	0.041293	0.62669	0.28596	0.80961	0.53087	1
Nanog_p1	12	-0.3544	-3.0722	0	0	0.0021249	0.13052
Zfp574_p1	12	-0.018706	-0.26835	0.79627	0.97296	0.78843	1
Id2_p2	12	0.034622	0.5852	0.35548	0.85247	0.55841	1
Nr3c1_p2	12	-0.015715	-0.25766	0.84912	0.98271	0.79667	1
Nkrf_p1	12	0.14156	1.621	0.002193	0.074074	0.10502	1
Zbtb8a_p1	12	-0.028609	-0.47346	0.64298	0.94277	0.63588	1
Zfp553_p1	12	-0.043601	-0.68305	0.43333	0.87056	0.49457	1
Mier3_p5	12	-0.013669	-0.15501	0.88048	0.98271	0.87681	1
Irf1_p1	12	-0.03453	-0.69512	0.55482	0.91667	0.48698	1
Lrrfip1_p2	12	0.007607	0.12716	0.75	0.9701	0.89882	1
Zfp938_p1	12	0.011739	0.18513	0.67654	0.95046	0.85312	1
Thap12_p1	12	0.087825	1.4108	0.035526	0.38118	0.15829	1
Foxp4_p1	12	0.029096	0.48293	0.42215	0.87056	0.62915	1
Zbtb33_p1	12	-0.0013137	-0.017512	0.90219	0.98621	0.98603	1
Zfp91_p1	12	0.0035186	0.05453	0.82193	0.97429	0.95651	1
E2f5_p1	12	0.0057031	0.10131	0.78311	0.97296	0.9193	1
Cenpt_p2	12	0.024568	0.24987	0.48421	0.8938	0.80269	1
Klf9_p1	12	-0.023045	-0.29298	0.7307	0.9686	0.76954	1
Hesx1_p2	12	-0.01839	-0.234	0.80154	0.97298	0.81499	1
Zfp334_p1	12	0.022347	0.33812	0.51294	0.89392	0.73528	1
Tsix_p2	12	0.4879	3.0986	0	0	0.0019446	0.13052
Nr4a1_p2	12	0.0056931	0.06646	0.78333	0.97296	0.94701	1
Gata1_p1	12	-0.046577	-0.67146	0.39496	0.8662	0.50193	1
Hopx_p1	12	-0.0007398	-0.0088108	0.8932	0.98271	0.99297	1
E2f8_p2	12	-0.16762	-1.8735	0.0046053	0.12	0.060996	1
Map3k15_p1	12	-0.0087187	-0.095045	0.96974	0.99208	0.92428	1
Nr3c1_p1	12	-0.02409	-0.28057	0.71447	0.9583	0.77904	1
Arid3a_p2	12	0.012076	0.1498	0.67061	0.95046	0.88092	1
Sox4_p1	12	0.06687	0.61922	0.10482	0.5975	0.53577	1
Bbx_p2	12	-0.036425	-0.58583	0.52675	0.89572	0.55799	1
Maz_p1	12	-0.048678	-0.74891	0.37105	0.86327	0.45391	1
Foxk2_p1	12	-0.039176	-0.68155	0.49408	0.8938	0.49553	1
Arid4b_p2	12	-0.025138	-0.30157	0.69759	0.95774	0.76298	1
Baz2b_p2	12	0.0053776	0.076308	0.78838	0.97296	0.93917	1
Baz2b_p1	12	0.084143	1.066	0.042544	0.4	0.28644	1
Mbd3_p1	12	-0.13071	-1.8136	0.022807	0.29444	0.06974	1
Zfp131_p1	12	0.085982	0.54656	0.038596	0.38681	0.58468	1
Gabpb2_p1	12	0.082319	1.1635	0.046711	0.41748	0.24464	1
Arid4a_p2	12	0.0020907	0.023078	0.84583	0.98142	0.98159	1
Hopx_p2	12	-0.043184	-0.59124	0.43947	0.87056	0.55436	1
Id2_p1	12	-0.11963	-1.3029	0.032237	0.35238	0.19262	1
Sp1_p3	12	-0.1501	-1.8768	0.0089912	0.19524	0.060547	1
Tead2_p1	12	-0.034605	-0.51343	0.55373	0.91652	0.60765	1
Myc_p1	12	0.0606	1.1851	0.1375	0.61792	0.23596	1
Rlf_p1	12	0.066393	0.92796	0.10746	0.60343	0.35343	1
Zbtb6_p2	12	0.033592	0.77107	0.36842	0.86205	0.44067	1
Zfp27_p1	12	0.040499	0.48658	0.29232	0.80961	0.62655	1
Lin28a_p1	12	-0.0047729	-0.11626	0.96053	0.99208	0.90745	1
Zfp646_p2	12	-0.020549	-0.33651	0.76798	0.97296	0.73649	1
Zfp871_p2	12	-0.029581	-0.37475	0.63004	0.93485	0.70785	1
Rbck1_p1	12	0.05991	0.54947	0.14232	0.61792	0.58268	1
Nfatc4_p3	12	7.7706e-05	0.00082355	0.87895	0.98271	0.99934	1
Zfp516_p4	12	0.038798	0.51934	0.31184	0.82989	0.60352	1
Gatad1_p1	12	-0.023774	-0.4879	0.72018	0.96305	0.62562	1
Tet2_p2	12	-0.061267	-0.74736	0.25285	0.78456	0.45485	1
Smad5_p1	12	-0.01672	-0.19895	0.83158	0.97727	0.8423	1
Relb_p1	12	-0.0044718	-0.046878	0.9557	0.99208	0.96261	1
Jund_p1	12	-0.026064	-0.35623	0.68136	0.95046	0.72166	1
Zmat3_p1	12	0.053825	0.90389	0.17961	0.6825	0.36606	1
Tfe3_p2	12	-0.0065555	-0.080371	0.99342	0.9956	0.93594	1
Zfp493_p1	12	-0.0027718	-0.04457	0.92763	0.99208	0.96445	1
Grhl3_p1	12	0.10337	1.6868	0.017105	0.26774	0.091649	1
Gm45871_p1	12	-0.012127	-0.17021	0.90746	0.98621	0.86485	1
Atf4_p1	12	0.015721	0.16907	0.61294	0.93485	0.86574	1
Trp73_p1	12	0.026217	0.33797	0.45877	0.8827	0.73539	1
Zkscan6_p1	12	-0.0077741	-0.11506	0.98399	0.99208	0.9084	1
Gm14403_p1	6	-0.10603	-0.95091	0.14123	0.61792	0.34165	1
Gm35315_p1	12	0.029817	0.39284	0.41031	0.86821	0.69444	1
Rxra_p1	12	0.0006112	0.012206	0.86908	0.98271	0.99026	1
Rara_p1	12	-0.013414	-0.19349	0.88531	0.98271	0.84658	1
Brd4_p1	12	-0.16716	-2.7482	0.0046053	0.12	0.0059921	0.28762
Smarce1_p2	12	0.108	1.2385	0.014035	0.24615	0.21554	1
Pou3f1_p1	12	-0.015478	-0.22821	0.85219	0.98271	0.81948	1
Epas1_p1	12	-0.038678	-0.47793	0.49912	0.8938	0.6327	1
Mier3_p2	12	0.020499	0.32273	0.54013	0.90385	0.7469	1
Zfp36l2_p1	12	0.064748	0.96927	0.11579	0.60343	0.33241	1
Zfp59_p1	12	0.015801	0.22654	0.61272	0.93485	0.82078	1
Zfp760_p1	12	0.015436	0.15424	0.61776	0.93485	0.87742	1
Mynn_p2	12	-0.0052739	-0.059008	0.97083	0.99208	0.95295	1
Usf2_p2	12	0.030688	0.54992	0.3989	0.8662	0.58237	1
Zfp367_p1	12	-0.0043916	-0.0671	0.95351	0.99208	0.9465	1
Smad2_p2	12	-0.0083204	-0.12208	0.97566	0.99208	0.90284	1
Ripply1_p1	12	-0.042488	-0.5191	0.44912	0.87548	0.60369	1
Mynn_p1	12	0.05137	1.1143	0.19846	0.69769	0.26514	1
Gtf3a_p1	12	-0.016237	-0.19943	0.83904	0.97727	0.84192	1
T_p2	12	-0.11483	-1.6707	0.040789	0.39167	0.09478	1
Klf8_p1	12	0.052904	0.67742	0.18772	0.69769	0.49814	1
Rcor1_p1	12	-0.00055198	-0.0059108	0.89013	0.98271	0.99528	1
Etv6_p1	12	-0.094545	-1.1433	0.080702	0.54925	0.25292	1
Parp12_p1	12	-0.030546	-0.30213	0.61535	0.93485	0.76255	1
Rbpj_p2	12	-0.082318	-1.181	0.12259	0.61189	0.2376	1
Xbp1_p2	12	0.055888	0.72902	0.16623	0.65628	0.46599	1
Gm9785_p1	12	-0.023357	-0.29426	0.72588	0.9673	0.76856	1
Zfp37_p3	12	-0.023458	-0.28622	0.72478	0.9673	0.77471	1
Jdp2_p1	12	0.015894	0.18817	0.61162	0.93485	0.85074	1
Adnp_p1	12	-0.33475	-2.9545	0	0	0.0031313	0.16798
Zfp692_p1	12	-0.07938	-1.5106	0.13596	0.61792	0.13089	1
Tfe3_p1	12	-0.0027153	-0.033165	0.92675	0.99208	0.97354	1
Zfp408_p1	12	-0.022104	-0.32709	0.74408	0.9701	0.7436	1
Rxra_p2	12	-0.025205	-0.284	0.69561	0.95774	0.77641	1
Bach1_p1	12	-0.018734	-0.33884	0.79627	0.97296	0.73473	1
Spic_p2	12	0.016645	0.24058	0.60088	0.93485	0.80988	1
Jarid2_p3	12	0.05073	0.62895	0.20175	0.70149	0.52938	1
Trp53_p1	12	0.062178	0.83936	0.12982	0.61792	0.40127	1
Zbtb32_p2	12	0.032209	0.42512	0.38311	0.8662	0.67075	1
5430403G16Rik_p1	12	0.045925	0.65504	0.23969	0.7564	0.51244	1
Zfp386_p1	12	0.062217	0.58701	0.12939	0.61792	0.5572	1
Hmgxb3_p1	12	-0.055863	-0.89297	0.29518	0.80961	0.37187	1
Zfp7_p1	12	-0.0075466	-0.079418	0.98794	0.99208	0.9367	1
Tcfl5_p1	12	0.062959	0.95405	0.12412	0.61189	0.34006	1
Nr6a1_p1	12	-0.0098999	-0.15229	0.94803	0.99208	0.87896	1
Csrnp2_p1	12	0.026456	0.243	0.45658	0.8827	0.80801	1
Zmiz2_p1	12	-0.070568	-1.1807	0.18706	0.69769	0.23772	1
Zfp281_p1	12	0.20633	1.9017	0	0	0.057206	1
Stag2_p3	12	-0.087343	-1.1542	0.10439	0.5975	0.24844	1
Nr3c1_p5	12	0.098296	1.3855	0.023246	0.29444	0.16589	1
Gm20939_p1	11	0.021068	0.31891	0.55197	0.91564	0.74979	1
Zfp977_p1	10	-0.045892	-0.5682	0.44101	0.87056	0.5699	1
Foxp1_p4	12	-0.0298	-0.44827	0.62522	0.93485	0.65396	1
Nr6a1_p3	12	-0.015202	-0.20102	0.85746	0.98271	0.84068	1
Zfp719_p1	12	0.0050134	0.074261	0.7943	0.97296	0.9408	1
Zfp819_p1	12	0.044158	0.4646	0.25636	0.78456	0.64222	1
Foxi3_p1	12	0.098169	2.0691	0.023246	0.29444	0.038536	1
Klf6_p1	12	-0.094041	-0.91067	0.082237	0.55147	0.36247	1
Tfeb_p4	12	-0.066367	-0.8759	0.21382	0.71168	0.38109	1
Nfatc4_p1	12	0.10446	1.3022	0.016667	0.26667	0.19286	1
Hnrnpk_p1	12	0.086644	1.2971	0.038377	0.38681	0.1946	1
Pias1_p2	12	-0.071752	-0.7897	0.17697	0.67866	0.4297	1
Srebf1_p3	12	-0.0025878	-0.032514	0.9239	0.99208	0.97406	1
T_p1	12	-0.0087863	-0.15182	0.96798	0.99208	0.87933	1
Ftx_p2	12	-0.17804	-1.8545	0.0030702	0.093333	0.063671	1
Zfp617_p2	12	0.052177	0.53094	0.19211	0.69769	0.59546	1
Tgif2_p2	12	-0.037584	-0.52154	0.51184	0.89392	0.60199	1
Zfp747_p1	12	0.058339	0.73999	0.15285	0.63909	0.45931	1
Ybx3_p1	12	0.086266	1.6459	0.038596	0.38681	0.099787	1
Myef2_p1	12	-0.06867	-0.75125	0.19803	0.69769	0.4525	1
Zfp266_p1	12	-0.021986	-0.23865	0.74583	0.9701	0.81138	1
Maf1_p1	12	0.051358	0.58482	0.1989	0.69769	0.55867	1
Crebrf_p1	12	-0.011497	-0.14458	0.91974	0.99208	0.88505	1
Zbtb45_p1	12	-0.010162	-0.13428	0.94474	0.99208	0.89318	1
Klf10_p2	12	-0.046753	-0.59709	0.39276	0.8662	0.55044	1
Brd4_p2	12	-0.0056058	-0.074674	0.97785	0.99208	0.94047	1
Zfp217_p3	12	-0.07489	-0.59211	0.15789	0.64737	0.55378	1
Zfp472_p1	12	0.012804	0.15585	0.66053	0.94851	0.87615	1
Vezf1_p1	12	0.078815	1.4535	0.055921	0.44132	0.1461	1
Arid1a_p2	12	0.00084572	0.0089688	0.86404	0.98271	0.99284	1
Zfp236_p2	12	0.13912	1.421	0.0028509	0.089655	0.15532	1
Tsc22d1_p1	12	-0.083235	-1.0379	0.11798	0.61136	0.29931	1
Olig2_p1	12	0.021528	0.24358	0.52456	0.89533	0.80756	1
Jun_p1	12	0.023928	0.27065	0.49167	0.8938	0.78666	1
Aff1_p1	12	0.038341	0.53863	0.31557	0.82989	0.59015	1
Paxbp1_p1	12	0.013947	0.22179	0.64057	0.94226	0.82447	1
Zfp42_p1	12	0.080928	0.93219	0.050658	0.43178	0.35124	1
Zfp874b_p1	12	0.058012	0.81071	0.15417	0.63909	0.41753	1
Zfp985_p1	8	-0.095854	-0.93614	0.12654	0.61792	0.3492	1
Gmeb2_p2	12	0.0079154	0.083857	0.74671	0.9701	0.93317	1
Cbfb_p1	12	-0.02793	-0.44397	0.65482	0.94684	0.65707	1
Zfp971_p1	12	-0.024026	-0.38382	0.71469	0.9583	0.70111	1
Lcor_p1	12	0.012253	0.18266	0.66798	0.95016	0.85506	1
Bclaf1_p1	12	0.084862	0.84429	0.040351	0.39167	0.39851	1
Lbr_p1	12	-0.22747	-3.0691	0.0002193	0.0086957	0.0021467	0.13052
Nr2c2_p1	12	0.0058937	0.093815	0.78048	0.97296	0.92526	1
E2f3_p2	12	0.084663	1.0823	0.041009	0.39167	0.27913	1
Kansl1_p1	12	-0.034036	-0.48151	0.56184	0.91993	0.63015	1
Zfp62_p1	12	-0.037752	-0.77183	0.51053	0.89392	0.44021	1
Zfp219_p2	12	-0.022212	-0.3074	0.74145	0.9701	0.75854	1
Klf2_p1	12	-0.024013	-0.28628	0.71557	0.9583	0.77466	1
Tcf3_p1	12	0.065248	1.1411	0.11382	0.60343	0.25385	1
Rxrb_p2	12	0.040053	0.44571	0.29561	0.80961	0.65581	1
Zfp512_p1	12	-0.030684	-0.34618	0.61382	0.93485	0.72921	1
Zfp37_p2	12	-0.0048915	-0.063923	0.96338	0.99208	0.94903	1
Cenpt_p1	12	-0.066651	-0.70046	0.21228	0.70916	0.48364	1
Zfp267_p1	12	0.06181	0.73064	0.13158	0.61792	0.465	1
Hmgb1_p2	12	-0.063163	-0.73378	0.2364	0.7564	0.46308	1
Zfp296_p2	12	0.082621	0.93822	0.046491	0.41748	0.34813	1
Creb3_p1	12	-0.015958	-0.20651	0.8443	0.98089	0.83639	1
Hbp1_p2	12	0.015138	0.26812	0.62303	0.93485	0.78861	1
Snapc4_p1	12	0.0034875	0.042508	0.82259	0.97429	0.96609	1
Rcor2_p3	12	-0.02245	-0.24957	0.73904	0.9701	0.80292	1
Zfp57_p1	12	-0.024099	-0.26127	0.71447	0.9583	0.79388	1
Maff_p2	12	-0.072767	-1.0648	0.17018	0.66325	0.28695	1
Arid3a_p1	12	0.042413	0.53081	0.27456	0.80961	0.59555	1
Gpbp1l1_p1	12	0.020776	0.31962	0.53618	0.8989	0.74926	1
Nr2c2_p2	12	-0.024083	-0.32702	0.71447	0.9583	0.74365	1
Gm15446_p1	8	-0.043922	-0.36888	0.49715	0.8938	0.71222	1
Id3_p1	12	0.0063976	0.11452	0.77083	0.97296	0.90882	1
Cbfb_p2	12	0.069237	0.70767	0.09386	0.58121	0.47915	1
Zfp84_p1	12	-0.053877	-0.53485	0.31557	0.82989	0.59276	1
Zbtb41_p2	12	-0.036128	-0.4063	0.5307	0.89575	0.68452	1
Stat6_p2	12	-0.00050668	-0.0068935	0.88947	0.98271	0.9945	1
Hnrnpu_p2	12	-0.023038	-0.22068	0.7307	0.9686	0.82534	1
Sp2_p2	12	-0.046469	-0.50719	0.39583	0.8662	0.61202	1
Zfp37_p1	12	0.040429	0.37728	0.29298	0.80961	0.70597	1
Klf16_p1	12	0.11517	1.6581	0.010526	0.22326	0.097297	1
Arid5b_p2	12	0.049578	0.44853	0.20833	0.7037	0.65377	1
Gata1_p3	12	0.040115	0.46996	0.29539	0.80961	0.63838	1
Gabpb1_p1	12	0.06823	1.0625	0.098246	0.59346	0.28802	1
Zfp322a_p1	12	0.0054372	0.071143	0.78772	0.97296	0.94328	1
Zfp770_p1	12	-0.013196	-0.16074	0.88838	0.98271	0.8723	1
Zfp74_p2	12	0.034243	0.38615	0.35921	0.85247	0.69938	1
Zfp512b_p1	12	-0.021111	-0.27667	0.75768	0.97296	0.78203	1
Pou2f1_p1	12	-0.11974	-1.5705	0.032237	0.35238	0.11631	1
Zfp184_p1	12	-0.019126	-0.34421	0.78947	0.97296	0.73069	1
Hnrnpk_p3	12	0.076204	1.064	0.063158	0.46829	0.28731	1
Pias1_p1	12	-0.17593	-2.4915	0.0037281	0.10968	0.012722	0.52737
5730507C01Rik_p1	12	-0.019509	-0.33308	0.78158	0.97296	0.73907	1
Rlim_p1	12	-0.43059	-4.6379	0	0	3.5201e-06	0.00079415
Mixl1_p1	12	0.0279	0.3941	0.43706	0.87056	0.69351	1
Zfp36l1_p1	12	0.11313	1.7068	0.011184	0.22667	0.087854	1
Zfp622_p1	12	0.041255	0.53387	0.2864	0.80961	0.59343	1
Mier3_p3	12	-0.010283	-0.1422	0.94232	0.99208	0.88692	1
Purb_p1	12	0.04995	0.65963	0.20614	0.70149	0.50949	1
Yy1_p1	12	-0.094709	-1.1879	0.079825	0.54737	0.23486	1
Zfp981_p1	10	0.03111	0.46624	0.43947	0.87056	0.64105	1
Pitx2_p3	12	-0.024146	-0.39056	0.71382	0.9583	0.69612	1
Zfp771_p2	12	-0.055552	-0.8894	0.29956	0.81484	0.37379	1
Mta3_p1	12	0.04845	0.65682	0.21776	0.71957	0.51129	1
Sall1_p1	12	-0.00056626	-0.0056555	0.89057	0.98271	0.99549	1
Mta1_p1	12	0.014943	0.2276	0.62522	0.93485	0.81996	1
Stat6_p4	12	0.017793	0.19221	0.58246	0.92617	0.84757	1
Zfp687_p1	12	0.06092	0.92759	0.13531	0.61792	0.35362	1
Ascl2_p2	12	0.13782	2.0674	0.0028509	0.089655	0.038701	1
Klf10_p1	12	-0.034263	-0.513	0.55921	0.91835	0.60795	1
Nfatc4_p4	12	-0.0059957	-0.055695	0.98377	0.99208	0.95559	1
Six1_p3	12	0.035934	0.42183	0.34123	0.85247	0.67315	1
Thap7_p1	12	0.022801	0.52512	0.5057	0.8938	0.5995	1
Arid3b_p1	12	-0.009035	-0.10592	0.96075	0.99208	0.91564	1
Tfeb_p3	12	-0.031071	-0.39077	0.60702	0.93485	0.69597	1
Arid5b_p1	12	-0.09519	-1.3161	0.079167	0.54737	0.18815	1
Rarg_p3	12	-0.033104	-0.43468	0.57719	0.92513	0.6638	1
Mafk_p1	12	0.02828	0.49877	0.43333	0.87056	0.61794	1
Foxo4_p1	12	0.09929	1.1	0.022588	0.29444	0.27133	1
Zfp459_p1	12	0.026877	0.41526	0.45022	0.87548	0.67795	1
Baz2b_p3	12	0.033056	0.33412	0.37346	0.8662	0.73829	1
Gatad1_p2	7	-0.049703	-0.57916	0.45768	0.8827	0.56248	1
Elf1_p1	12	0.08099	1.1768	0.050658	0.43178	0.23926	1
Ets2_p1	12	-0.010566	-0.18523	0.93706	0.99208	0.85305	1
Tfeb_p2	12	-0.084536	-1.3257	0.11118	0.60343	0.18495	1
Hmgb3_p1	12	-0.012035	-0.13653	0.90855	0.98621	0.8914	1
Zfp961_p1	12	0.0061428	0.092015	0.77697	0.97296	0.92669	1
Zfp568_p1	12	0.073993	1.0834	0.072807	0.52698	0.27864	1
Nr1h2_p2	12	-0.042619	-0.35965	0.44737	0.87548	0.71911	1
Zfp790_p1	12	0.043779	0.57582	0.26206	0.79076	0.56474	1
Stag2_p1	12	-0.013339	-0.19962	0.88618	0.98271	0.84177	1
Mxi1_p1	12	0.07827	1.3634	0.057018	0.44132	0.17275	1
Bcorl1_p1	12	0.005864	0.066679	0.78114	0.97296	0.94684	1
Sall4_p2	12	-0.067729	-0.90621	0.20482	0.70149	0.36483	1
Six4_p1	12	0.078324	1.1875	0.057018	0.44132	0.23503	1
Foxh1_p1	12	0.13208	1.3285	0.0039474	0.1125	0.184	1
Zzz3_p2	12	-0.056033	-0.67094	0.29386	0.80961	0.50226	1
Zfp65_p2	12	0.019846	0.22097	0.55219	0.91564	0.82512	1
Stat6_p3	12	-0.030952	-0.6742	0.60833	0.93485	0.50018	1
Ybx1_p2	12	0.045779	0.37959	0.24101	0.75793	0.70425	1
Nr2f6_p1	12	0.0060098	0.098867	0.77829	0.97296	0.92124	1
Mier1_p2	12	-0.02028	-0.20327	0.77105	0.97296	0.83892	1
4930522L14Rik_p1	12	0.035724	0.57532	0.34342	0.85247	0.56507	1
Mef2b_p1	12	0.078578	1.3023	0.05636	0.44132	0.19282	1
Setdb2_p1	12	0.011733	0.11246	0.67654	0.95046	0.91046	1
Lin28b_p2	12	0.0050265	0.082927	0.79408	0.97296	0.93391	1
Usf2_p3	12	-0.038408	-0.57806	0.50285	0.8938	0.56322	1
Pms1_p1	12	0.046463	0.60106	0.23531	0.75563	0.5478	1
E2f8_p1	12	-0.096686	-1.0898	0.075658	0.53077	0.27581	1
Tfap2c_p2	12	0.011791	0.17217	0.6761	0.95046	0.86331	1
Zfp367_p2	12	-0.038469	-0.44354	0.50154	0.8938	0.65738	1
Mllt10_p2	12	-0.062833	-1.0183	0.23904	0.7564	0.30853	1
Spen_p1	12	0.0086075	0.096625	0.73465	0.9701	0.92302	1
Pou5f1_p1	12	-0.79803	-5.04	0	0	4.6564e-07	0.00021233
Zbtb21_p1	12	-0.077774	-1.0596	0.14364	0.61792	0.28931	1
Plagl1_p1	12	-0.0048623	-0.054784	0.96272	0.99208	0.95631	1
Nfx1_p1	12	0.041082	0.63466	0.28794	0.80961	0.52565	1
Hmgb1_p5	12	-0.043194	-0.49969	0.43904	0.87056	0.61729	1
Gm20422_p1	12	-0.077297	-1.5142	0.14539	0.62254	0.12998	1
Zfx_p2	12	0.027493	0.35945	0.44101	0.87056	0.71926	1
Creb3_p2	12	0.0075325	0.09703	0.75088	0.9701	0.9227	1
Zfp87_p1	12	0.018854	0.39966	0.56754	0.921	0.68941	1
Zic5_p1	12	-0.047826	-0.64979	0.38004	0.8662	0.51583	1
Spic_p1	12	0.0028239	0.036728	0.83355	0.97727	0.9707	1
Rarg_p2	12	-0.052316	-0.7374	0.33399	0.85247	0.46088	1
Zfp296_p1	12	0.23849	3.4239	0	0	0.00061739	0.062562
Zfp26_p1	12	0.013255	0.15338	0.65285	0.94684	0.8781	1
Nfxl1_p1	12	-0.029776	-0.48721	0.62566	0.93485	0.62611	1
Zfp110_p1	12	-0.03638	-0.49857	0.52741	0.89572	0.61808	1
Srebf1_p1	12	0.043631	0.56683	0.26272	0.79076	0.57083	1
Cpeb1_p4	12	0.09459	1.1929	0.027632	0.33421	0.23291	1
Cpeb1_p1	12	0.021731	0.3024	0.52193	0.89533	0.76235	1
Zik1_p1	12	0.074393	0.61056	0.071053	0.5184	0.54149	1
Elf1_p2	12	0.060685	0.60691	0.13684	0.61792	0.54391	1
Repin1_p1	12	-0.029808	-0.4507	0.62522	0.93485	0.65221	1
Msl1_p1	12	0.016944	0.26459	0.59605	0.93485	0.79133	1
Mitf_p4	12	-0.051511	-0.55479	0.34057	0.85247	0.57904	1
Hmgb3_p3	12	0.065003	0.89532	0.11447	0.60343	0.37062	1
Rbpj_p4	12	-0.052252	-0.55053	0.33443	0.85247	0.58196	1
Lin28b_p3	12	0.046024	0.82332	0.23882	0.7564	0.41033	1
Xert_p1	12	-0.049249	-0.62677	0.36404	0.85788	0.53081	1
Aire_p2	12	0.073202	0.83433	0.075658	0.53077	0.40409	1
Zfp13_p1	12	0.070587	0.69247	0.087719	0.55944	0.48864	1
Jarid2_p1	12	0.00053806	0.0063586	0.86996	0.98271	0.99493	1
Zfp975_p1	12	0.024735	0.40079	0.4818	0.8938	0.68858	1
Zfp644_p1	12	0.017877	0.26044	0.58158	0.92617	0.79452	1
Klf10_p3	12	0.0099245	0.12685	0.71294	0.9583	0.89906	1
Gbx2_p2	12	0.010381	0.10641	0.70504	0.95774	0.91526	1
Tgif1_p1	12	0.019015	0.32459	0.56579	0.921	0.74549	1
Mier3_p4	12	-0.13672	-1.9582	0.018202	0.26774	0.050203	1
Wdhd1_p2	12	0.026714	0.22618	0.45241	0.87787	0.82106	1
Tgif2_p1	12	-0.063956	-0.67151	0.23048	0.74276	0.5019	1
Ybx1_p1	12	0.028797	0.36917	0.42632	0.87056	0.712	1
Zfp212_p1	12	0.0076887	0.12615	0.74912	0.9701	0.89961	1
Nfkb2_p1	12	-0.042546	-0.53021	0.4489	0.87548	0.59597	1
Zfp566_p1	12	0.034327	0.46617	0.35811	0.85247	0.6411	1
Smarcc1_p1	12	0.0067816	0.096998	0.76338	0.97296	0.92273	1
Arid4b_p1	12	-0.021422	-0.34094	0.75395	0.9701	0.73315	1
Klf8_p2	12	0.038356	0.69036	0.31557	0.82989	0.48997	1
Zfp532_p3	12	-0.029994	-0.45279	0.62215	0.93485	0.6507	1
Zscan10_p1	12	-0.053772	-0.85899	0.31667	0.82989	0.39035	1
Gtf2ird1_p1	12	0.00055275	0.0066478	0.86974	0.98271	0.9947	1
Aff1_p2	12	-0.050235	-0.627	0.35373	0.85247	0.53066	1
Gm49359_p1	8	-0.015546	-0.18452	0.87346	0.98271	0.85361	1
Esx1_p2	12	0.084569	1.0145	0.041228	0.39167	0.31035	1
Zfp52_p1	12	-0.049693	-0.60492	0.35855	0.85247	0.54523	1
Rhox9_p1	12	-0.077849	-1.2539	0.14298	0.61792	0.20986	1
Cc2d1a_p1	12	0.06818	1.3761	0.098684	0.59346	0.16879	1
Bhlhe40_p1	12	0.085571	1.1866	0.039035	0.38696	0.23537	1
Bcorl1_p3	12	0.10178	1.0582	0.019518	0.27813	0.28995	1
Sall2_p2	12	-0.082338	-0.99514	0.12237	0.61189	0.31967	1
Foxn3_p1	12	0.028759	0.35819	0.42675	0.87056	0.7202	1
Tsc22d1_p3	12	0.020062	0.30046	0.54803	0.91371	0.76382	1
Sp3_p2	12	-0.028373	-0.40743	0.64671	0.94671	0.68369	1
Chd8_p1	12	0.01991	0.29065	0.55066	0.91564	0.77132	1
Tfeb_p1	12	-0.11034	-2.0436	0.047149	0.41748	0.040992	1
Kat8_p1	12	0.10156	0.85672	0.019518	0.27813	0.3916	1
Jpx_p1	12	-0.082051	-1.0613	0.1239	0.61189	0.28854	1
Foxn3_p3	12	-0.0094772	-0.089989	0.95351	0.99208	0.9283	1
Arid4b_p3	12	0.018395	0.25631	0.57522	0.92513	0.79771	1
Kansl3_p1	12	-0.0054886	-0.057279	0.97522	0.99208	0.95432	1
Zfp592_p1	12	-0.0074862	-0.093442	0.98882	0.99208	0.92555	1
Ncor1_p1	12	-0.019106	-0.2985	0.78969	0.97296	0.76532	1
Pias2_p2	12	0.11222	1.4329	0.012061	0.2383	0.15189	1
Zfp948_p1	12	-0.00063177	-0.0072631	0.89079	0.98271	0.9942	1
Zfp12_p1	12	-0.017576	-0.22221	0.81469	0.97429	0.82415	1
Zfp64_p1	12	-0.060339	-0.58579	0.26096	0.79076	0.55802	1
Zkscan5_p3	12	0.03465	0.59721	0.35526	0.85247	0.55036	1
Ubtf_p4	12	-0.020658	-0.28638	0.76535	0.97296	0.77459	1
Tcf12_p3	12	0.04379	0.5455	0.26184	0.79076	0.58541	1
Nfatc4_p2	12	-0.041307	-0.4177	0.46228	0.88571	0.67617	1
Zfp213_p1	12	0.069457	1.1169	0.092325	0.57671	0.26404	1
Zfp710_p1	12	0.020117	0.2598	0.54715	0.91371	0.79502	1
Zfp623_p1	12	-0.0018388	-0.023948	0.91162	0.98624	0.98089	1
Tfap2c_p1	12	0.012757	0.18996	0.66096	0.94851	0.84934	1
Foxd3_p1	12	0.025461	0.27134	0.47149	0.89027	0.78613	1
Etv4_p1	12	0.087108	1.0383	0.037281	0.38681	0.29914	1
Zfp148_p2	12	0.030458	0.39583	0.40154	0.8662	0.69223	1
Nr4a1_p1	12	0.14603	1.3999	0.0019737	0.069231	0.16155	1
Tfb1m_p1	12	0.056498	0.6934	0.16118	0.64737	0.48806	1
Kansl1_p3	12	-0.058466	-0.47483	0.27851	0.80961	0.63491	1
Zscan21_p1	12	0.078107	0.98594	0.057675	0.44132	0.32416	1
Zfp473_p2	12	-0.00067701	-0.0068439	0.89189	0.98271	0.99454	1
Gpbp1_p1	12	0.015578	0.19543	0.61623	0.93485	0.84505	1
Zkscan5_p1	12	-0.13109	-1.5554	0.022588	0.29444	0.11985	1
Zfp866_p1	12	-0.014891	-0.18029	0.8614	0.98271	0.85693	1
Hmga2_p1	12	0.015683	0.24731	0.6136	0.93485	0.80467	1
Zfp322a_p2	12	0.078894	0.62787	0.055702	0.44132	0.53009	1
Pias3_p2	12	0.042274	0.58526	0.27544	0.80961	0.55837	1
Dnajc2_p1	12	-0.027452	-0.52167	0.66096	0.94851	0.6019	1
Msl2_p2	12	-0.0014984	-0.022716	0.90724	0.98621	0.98188	1
Tet2_p1	12	-0.06764	-0.7364	0.20548	0.70149	0.46149	1
Sp5_p1	12	0.030546	0.37938	0.40066	0.8662	0.70441	1
Foxo3_p1	12	0.0058826	0.067195	0.78048	0.97296	0.94643	1
Tax1bp1_p1	12	-0.045957	-0.78777	0.40263	0.8662	0.43083	1
Zfp868_p1	12	0.004368	0.067487	0.80482	0.97298	0.94619	1
Foxp1_p3	12	-0.020826	-0.26739	0.76228	0.97296	0.78917	1
Pias3_p1	12	-0.035762	-0.45086	0.53596	0.8989	0.65209	1
Foxn3_p4	12	-0.016352	-0.17047	0.8375	0.97727	0.86464	1
Smad5_p2	12	-0.0013612	-0.014168	0.90307	0.98621	0.9887	1
Nr3c1_p4	12	0.045208	0.66451	0.24759	0.77329	0.50636	1
Zfp516_p1	12	-0.043312	-0.73904	0.43728	0.87056	0.45988	1
Esrrb_p2	12	-0.082296	-1.1721	0.12281	0.61189	0.24117	1
Tada2b_p1	12	-0.064851	-0.77048	0.22259	0.72242	0.44101	1
Hesx1_p1	12	0.003835	0.047591	0.81601	0.97429	0.96204	1
Zfp758_p1	12	0.06144	0.64912	0.13333	0.61792	0.51626	1
Mycn_p1	12	-0.020168	-0.39325	0.77259	0.97296	0.69414	1
Zfp568_p2	12	-0.065015	-0.70784	0.22149	0.72143	0.47905	1
Ssrp1_p1	12	-0.10849	-0.91219	0.050658	0.43178	0.36167	1
Zfp646_p1	12	0.022879	0.26468	0.50482	0.8938	0.79125	1
Son_p1	12	0.030084	0.34331	0.4068	0.8662	0.73136	1
Bbx_p1	12	-0.04322	-0.51648	0.43882	0.87056	0.60552	1
Tgif1_p3	12	-0.017258	-0.25585	0.81886	0.97429	0.79807	1
Sohlh2_p1	12	-0.031532	-0.39577	0.60066	0.93485	0.69228	1
Mta2_p2	12	-0.026787	-0.51922	0.66886	0.95016	0.60361	1
Thyn1_p2	12	0.064104	0.80264	0.12018	0.61189	0.42218	1
Zbtb7b_p2	12	-0.027955	-0.34693	0.65461	0.94684	0.72865	1
Zgpat_p2	12	-0.078586	-0.93522	0.13991	0.61792	0.34967	1
Zscan26_p1	12	-0.067791	-0.81412	0.20461	0.70149	0.41557	1
Tfam_p3	12	-0.031791	-0.27051	0.59539	0.93485	0.78677	1
Gabpb1_p2	12	0.022966	0.30455	0.50373	0.8938	0.76071	1
Tbx3_p1	12	0.067647	0.83804	0.1011	0.5975	0.40201	1
Sp1_p2	12	-0.34798	-3.2586	0	0	0.0011197	0.0851
Zgpat_p1	12	0.0053956	0.060165	0.78816	0.97296	0.95202	1
Mbd4_p1	12	0.075951	0.71092	0.064254	0.47258	0.47713	1
Nr1h2_p1	12	0.031837	0.32599	0.38553	0.8662	0.74443	1
Aebp2_p3	12	-0.074319	-0.67575	0.16184	0.64737	0.4992	1
Tax1bp1_p2	12	0.0027904	0.0402	0.83443	0.97727	0.96793	1
Zfp516_p3	12	0.025027	0.354	0.47697	0.89363	0.72334	1
Gm2381_p1	8	0.022486	0.20644	0.59013	0.93114	0.83645	1
Gata1_p2	12	-0.02724	-0.30032	0.6625	0.94851	0.76393	1
Zfp511_p1	12	-0.030488	-0.42683	0.61623	0.93485	0.6695	1
Zfp207_p1	12	-0.15745	-2.0412	0.0078947	0.18947	0.041233	1
Zfp217_p2	12	-0.026056	-0.3665	0.68136	0.95046	0.71399	1
Arid4a_p1	12	-0.124	-2.6536	0.028289	0.33506	0.0079639	0.36315
Zfp869_p1	12	-0.067001	-0.74772	0.21053	0.70849	0.45463	1
Nfe2l1_p2	12	-0.019699	-0.19483	0.77873	0.97296	0.84553	1
Tcf7_p1	12	-0.021947	-0.31921	0.74627	0.9701	0.74957	1
Zfp953_p1	12	0.023824	0.32595	0.49276	0.8938	0.74446	1
Hes1_p1	12	0.053146	0.43419	0.18509	0.69752	0.66415	1
Terf2_p1	12	-0.0090781	-0.15437	0.95965	0.99208	0.87732	1
Rfx2_p1	12	0.040875	0.44981	0.28904	0.80961	0.65285	1
Mysm1_p1	12	-0.008199	-0.11473	0.97851	0.99208	0.90866	1
Zfp141_p1	12	-0.026297	-0.28457	0.67632	0.95046	0.77597	1
Mllt10_p1	12	-0.0098753	-0.11258	0.94846	0.99208	0.91036	1
Thap11_p1	12	-0.038588	-0.60549	0.49934	0.8938	0.54485	1
Gm44973_p1	12	-0.049699	-0.77373	0.35855	0.85247	0.43909	1
Zfp729a_p1	10	0.011902	0.16724	0.69803	0.95774	0.86718	1
Zfp260_p1	12	-0.016401	-0.19766	0.83728	0.97727	0.84331	1
Ftx_p3	12	-0.14993	-1.497	0.0089912	0.19524	0.13439	1
Stat6_p1	12	-0.029641	-0.31571	0.62807	0.93485	0.75222	1
Tfdp2_p2	12	-0.016791	-0.20185	0.83026	0.97727	0.84003	1
Irf3_p2	12	-0.028285	-0.33159	0.64912	0.94684	0.7402	1
Cic_p2	12	0.02158	0.26519	0.5239	0.89533	0.79086	1
Jarid2_p2	12	0.01673	0.36436	0.59956	0.93485	0.71559	1
Zscan12_p1	12	-0.0018128	-0.015178	0.91075	0.98624	0.98789	1
Cdc5l_p1	12	-0.062228	-0.54776	0.2443	0.76564	0.58386	1
Zfp51_p1	12	-0.040504	-0.39689	0.47412	0.89278	0.69145	1
Dmrt1_p1	12	-0.00081492	-0.011602	0.89364	0.98271	0.99074	1
Zfp777_p2	12	-0.048139	-0.66184	0.37697	0.8662	0.50808	1
Cebpz_p1	12	0.028123	0.28831	0.43487	0.87056	0.77311	1
Zfp110_p2	12	0.00067721	0.009153	0.86754	0.98271	0.9927	1
Znfx1_p1	12	0.0049126	0.073128	0.79583	0.97296	0.9417	1
Atf6_p1	12	0.010651	0.136	0.69803	0.95774	0.89182	1
Zfp62_p2	12	0.0043056	0.057293	0.80548	0.97298	0.95431	1
Tgif1_p2	12	-0.044848	-0.74076	0.41491	0.87056	0.45884	1
Zfp358_p1	12	0.069689	0.75142	0.091447	0.57517	0.4524	1
2610044O15Rik8_p1	12	0.050329	0.66352	0.20351	0.70149	0.507	1
Zfp74_p1	12	-0.0061973	-0.0627	0.98816	0.99208	0.95001	1
Gm6871_p1	12	-0.037861	-0.51354	0.50877	0.89392	0.60757	1
Zfp600_p1	5	0.035487	0.354	0.52522	0.89533	0.72334	1
Crxos_p2	12	0.023243	0.28043	0.49934	0.8938	0.77915	1
Tox4_p2	12	-0.26561	-3.3406	0	0	0.00083602	0.076245
Pknox1_p1	12	0.041772	0.90341	0.2807	0.80961	0.36631	1
Zfp637_p1	12	0.0055123	0.087477	0.78706	0.97296	0.93029	1
Foxp1_p6	12	0.015495	0.21504	0.61689	0.93485	0.82974	1
Lin28b_p1	12	-0.042362	-0.43033	0.45022	0.87548	0.66695	1
Zfp808_p1	4	0.0063479	0.056955	0.86623	0.98271	0.95458	1
Pbx2_p3	12	-0.049915	-0.47313	0.3568	0.85247	0.63612	1
Zbtb44_p2	12	-0.025799	-0.32474	0.68509	0.95389	0.74538	1
Peg3_p1	12	-0.0097319	-0.11485	0.95088	0.99208	0.90856	1
Atf5_p1	12	-0.10518	-0.82503	0.057456	0.44132	0.40935	1
Dnmt1_p1	12	-0.061008	-0.71986	0.25461	0.78456	0.47161	1
Hif1a_p1	12	0.08027	0.81588	0.051974	0.43889	0.41457	1
Zfp825_p1	8	-0.075588	-0.85042	0.22456	0.72624	0.39509	1
Baz2a_p1	12	-0.059302	-0.73399	0.27281	0.80961	0.46295	1
Nr5a2_p1	12	-0.04572	-0.52106	0.40504	0.8662	0.60233	1
Eomes_p1	12	-0.0017115	-0.019428	0.90943	0.98621	0.9845	1
Elf3_p1	12	0.014475	0.11913	0.63158	0.93485	0.90517	1
Tox4_p1	12	-0.13316	-1.7208	0.021711	0.29444	0.085294	1
Esrrb_p3	12	-0.45495	-4.5123	0	0	6.4121e-06	0.00097464
Gm38394_p1	12	0.079815	1.105	0.053289	0.44132	0.26916	1
Nfe2l2_p1	12	-0.13062	-2.2068	0.022807	0.29444	0.027326	0.95853
Gm14401_p1	7	0.13354	0.74464	0.020614	0.28923	0.45649	1
Aire_p1	12	-0.056051	-0.81558	0.29364	0.80961	0.41474	1
Srebf2_p1	12	-0.091581	-0.94152	0.089693	0.56806	0.34644	1
Eed_p2	12	0.071638	1.6219	0.081798	0.55147	0.10482	1
Nfyc_p1	12	-0.11936	-1.142	0.032456	0.35238	0.25345	1
Zbtb17_p1	12	-0.018387	-0.22727	0.80154	0.97298	0.82021	1
Ubp1_p2	12	0.092789	1.3128	0.029167	0.34103	0.18927	1
Zfp866_p2	12	-0.068433	-1.3233	0.19825	0.69769	0.18572	1
Otx2_p1	12	0.061523	0.58841	0.13268	0.61792	0.55625	1
Rbpj_p1	12	0.023089	0.22959	0.50154	0.8938	0.81841	1
Nfatc3_p1	12	-0.043233	-0.54817	0.4386	0.87056	0.58358	1
Zkscan5_p2	12	-0.090088	-0.88205	0.094956	0.58121	0.37775	1
Zkscan17_p2	12	-0.033399	-0.44845	0.57281	0.92297	0.65383	1
Gm14322_p1	4	-0.029447	-0.17935	0.75285	0.9701	0.85766	1
Yy2_p1	12	-0.00564	-0.084292	0.97807	0.99208	0.93282	1
Tsc22d1_p4	12	-0.019905	-0.32928	0.77719	0.97296	0.74195	1
Nr5a2_p2	12	-0.027805	-0.27463	0.65548	0.94684	0.7836	1
Tfdp2_p3	12	0.060317	0.58049	0.13904	0.61792	0.56158	1
Zbtb7b_p1	12	0.065887	0.80505	0.11096	0.60343	0.42079	1
Hes6_p2	12	-0.046577	-0.53695	0.39496	0.8662	0.5913	1
Zfp942_p1	4	0.0028909	0.019444	0.90636	0.98621	0.98449	1
Ctcf_p1	12	0.10303	1.916	0.017544	0.26774	0.055367	1
Preb_p3	12	0.050521	0.6188	0.20307	0.70149	0.53605	1
Plscr1_p1	12	-0.00018871	-0.0027947	0.88487	0.98271	0.99777	1
E2f4_p1	12	0.060933	0.74202	0.13531	0.61792	0.45808	1
Tead2_p5	12	-0.04671	-0.46556	0.39342	0.8662	0.64153	1
Rex2_p1	4	0.058915	0.3482	0.38706	0.8662	0.72769	1
Thyn1_p1	12	0.05403	0.65288	0.17785	0.67866	0.51384	1
Zfp57_p4	12	0.0010772	0.011648	0.86075	0.98271	0.99071	1
Zfp934_p2	4	0.056908	0.38944	0.40307	0.8662	0.69695	1
Phb_p1	12	-0.0099653	-0.070419	0.94693	0.99208	0.94386	1
Zfp951_p1	4	-0.028242	-0.19138	0.76382	0.97296	0.84823	1
